13.8606
14.6568
15.4951
16.3794
17.5198
19.1413
21.1
22.88
24.7822
28.28
9.46081
-4.63231
-5.8873
-15.9943
15.8995
34.6589
33.9353
11.9699
-11.7292
-31.2907
-37.6857
-51.3568
6.30359
12.9275
-35.4173
-28.4857
-21.7775
-12.4307
-0.870788
26.2229
45.2126
52.8211
75.3265
69.2951
54.1711
13.6145
6.18532
55.5537
19.3638
14.7882
26.0604
75.0763
22.5014
-22.9118
-15.7013
37.8606
24.9013
-25.3933
-59.0261
-16.9068
18.4943
27.3199
16.5697
-5.66662
-44.9785
18.562
43.6264
1.85543
24.137
29.7473
23.7659
23.2076
13.2326
-1.12592
0.151724
2.05133
34.3953
23.8476
2.00498
-4.13241
5.64719
3.59059
-25.9594
-41.4464
-14.777
5.85197
27.124
-22.252
-32.3595
-3.76755
8.66027
11.7686
40.4227
23.9882
5.08304
-12.6086
11.6789
5.47267
-21.3255
-19.7081
17.5244
2.38275
-28.337
-40.5049
-19.4866
-1.04431
-6.51403
-18.6077
-13.8956
-17.5049
4.49601
24.3698
16.1314
31.372
26.4744
25.8992
34.3448
2.23389
-21.1823
-40.5309
36.7087
30.7456
-16.3599
-37.5418
7.78704
64.9884
95.6185
18.6647
-13.1403
2.95212
39.5908
46.4743
12.7191
-53.1224
-11.0807
21.9809
-7.26015
-24.4046
-0.882673
19.2269
20.1076
34.9573
-55.2453
-8.732
46.8672
60.8635
36.3702
-2.92104
-13.0934
8.54042
0.0195028
-4.95286
-1.54509
-1.30363
12.7286
-29.8248
-35.2415
-43.1266
-48.6023
3.36967
25.4406
78.3246
51.7002
33.5102
15.2433
4.54416
-24.2348
-21.3957
11.1398
17.2589
22.9272
11.3159
-39.8715
-31.6908
6.34398
42.361
21.1262
-20.76
-27.8296
-22.7656
47.1011
73.9992
8.75626
45.3831
58.5574
3.02048
2.20052
1.48485
5.11779
45.6446
19.0716
-21.6499
-92.4318
-27.4204
34.4764
5.24169
19.3655
44.5767
28.8898
89.2264
95.437
3.91825
-35.3827
-52.79
-2.14291
26.393
19.1938
18.6638
53.0657
43.3136
0.437338
-17.1187
-42.5238
-0.612268
10.4676
-9.7865
-31.2349
-8.24645
7.02939
-24.9397
-15.796
-41.2974
-58.0969
16.1506
16.4142
-10.4169
-1.21512
-12.5485
-30.2187
-30.6279
-7.86912
-23.7096
-11.1361
5.84083
3.47592
6.03595
0.750039
-14.8336
8.17412
69.9643
88.033
75.1095
43.2702
30.1946
9.84419
22.925
10.6364
10.7633
20.9119
16.528
4.95417
12.1156
2.60147
35.8368
35.5686
-32.0621
-14.8945
0.78286
8.54854
64.3309
22.9687
-28.4244
50.1951
66.9061
36.542
-18.2407
16.1452
34.1019
59.0304
60.9542
5.75398
-15.9431
38.2831
14.2924
-37.7959
-21.2971
21.12
37.1058
18.624
-27.5321
-12.4924
-20.347
-22.5721
-23.823
6.78989
32.222
-3.86108
-6.44182
-0.381919
-14.1519
-21.1321
-7.2965
37.9215
53.178
41.1243
-8.71521
2.88115
8.31375
-7.8409
32.1502
32.9022
-3.87818
-27.7411
-6.01478
21.1864
21.0335
-67.6379
-32.6725
-10.7199
54.4725
63.7213
-9.17642
36.745
51.5765
44.7235
53.0349
26.8873
53.607
64.372
35.0283
11.3847
37.5399
9.55065
25.4568
3.31321
-33.9318
-18.6861
34.9319
42.0737
37.6076
43.8065
15.9635
-49.8791
-46.0192
-27.9136
33.7937
9.31131
36.3014
78.0045
67.1015
24.6891
22.8604
-13.0298
52.5407
80.0009
76.683
49.3008
-45.1269
77.4842
58.7267
27.4196
15.7741
-0.716425
28.4886
87.1881
60.972
28.533
-3.12647
-25.2096
-20.3472
68.9608
60.4319
46.2562
68.7259
52.5908
-22.7738
-70.9457
-11.9989
30.1772
11.4553
-28.3223
-28.5949
3.07264
18.8932
-27.2543
-33.0477
-28.0554
11.324
25.3077
40.6318
-37.7932
-71.6907
-13.6641
-11.3298
2.42604
8.38789
23.6849
20.5361
39.4514
50.6691
11.8628
-1.42222
-3.97199
-46.6913
-20.8023
22.2888
25.7163
24.6209
-25.8309
-56.8516
-15.9209
-11.6192
15.8236
62.4695
40.4088
36.1025
27.2781
31.9637
32.4665
3.14181
-9.05304
-36.2199
1.28291
17.4732
34.4979
68.6924
26.7476
-0.638523
88.128
105.087
50.9375
-6.24376
-10.8151
14.0067
18.9745
-24.0571
21.9509
29.0452
41.5175
62.6918
44.4895
29.0913
-20.215
-61.3128
-33.4943
45.4882
23.5877
11.3003
1.24951
24.6325
38.8718
76.6631
-11.6493
-81.9603
-65.7899
-54.3635
21.1979
60.7768
32.0747
59.9634
78.5206
26.3834
-16.2351
-32.2354
-1.57818
27.735
37.6263
22.273
-6.29773
6.29943
14.2511
20.9734
56.1257
59.4929
46.7565
74.53
49.1331
-21.5826
-8.97159
45.8023
46.8436
-1.63688
2.07622
-21.1694
-18.1736
6.78286
41.3736
23.2755
-6.00768
80.4913
43.2738
34.3597
27.5826
66.1488
52.3844
4.13331
1.81758
6.62978
21.6444
-22.2031
21.4181
95.1819
69.2338
43.9615
5.15232
-8.56453
22.3021
25.0222
-24.906
-21.4311
-9.56045
0.330239
8.95197
12.4882
15.9728
88.3523
87.3975
34.5714
-4.64514
-10.2312
-4.80072
6.68159
21.8183
64.5143
32.4609
2.10504
13.3203
16.5431
1.89823
-40.5924
39.8152
30.9688
9.2489
2.28978
-18.7572
-42.0477
-58.8876
-35.7082
52.2651
112.065
124.775
28.2835
22.5236
-33.1942
-30.1639
-29.5928
29.916
27.4362
1.92615
23.5644
48.2215
33.6842
50.1459
15.9985
-34.186
-12.0491
21.2247
45.3034
46.5128
19.8895
30.7491
11.1396
42.4536
54.1286
32.6176
-19.5555
-42.8315
22.984
50.0662
-12.8355
-0.522632
36.4574
24.7181
6.17008
34.8837
-7.12782
4.34076
-13.9423
56.8426
38.2134
50.9803
-0.572569
32.6618
81.8546
10.5933
-29.2325
11.583
16.6336
20.301
56.3844
52.132
46.6933
54.5198
-9.318
-9.4593
23.7655
-15.9899
-6.04205
4.74049
36.3705
35.9355
25.1493
15.0807
58.2434
40.7158
-8.95412
11.6143
-14.3176
25.9011
44.315
20.907
4.24601
27.9666
34.5428
59.9942
51.063
32.1714
15.4844
-18.6934
-16.9382
50.5205
97.7123
54.9833
9.62449
23.0837
33.4537
30.8361
-15.2785
-23.4828
26.1472
30.5536
-19.4427
-38.1235
-22.4752
-8.19851
5.94407
32.081
13.2888
32.747
71.1895
39.5571
53.6635
46.5449
9.54255
73.4307
94.719
38.7259
-19.9543
-16.6512
-0.117323
23.2884
9.97473
38.505
1.70713
6.49782
19.5268
22.1959
-14.31
4.38933
2.19689
41.6711
36.953
30.3128
3.77729
32.8062
-16.1425
53.6631
57.7557
11.1329
13.5605
34.0227
33.9264
30.221
6.78695
3.26704
50.9294
69.7171
52.5264
24.7934
20.7954
24.0783
43.9236
58.2289
49.6045
25.0394
38.0118
58.4455
62.6613
57.6784
40.9506
5.05959
12.8139
43.3879
60.5228
45.8731
36.3879
54.9811
95.3578
102.236
3.67129
25.8519
26.5525
51.897
70.0421
-5.82997
-2.52786
32.5285
42.9158
19.7074
-45.3872
-25.8008
51.0377
115.951
41.4601
-15.6568
64.0968
31.7593
45.8246
46.1033
71.0733
66.9009
8.75102
28.4018
28.437
61.1727
27.8488
34.2063
25.9575
39.9922
26.4402
51.8677
58.2909
97.5246
74.2637
71.4775
15.3138
46.3014
61.4785
22.4305
14.5717
64.5141
68.2326
47.2332
31.2773
46.6554
36.3288
42.9271
76.329
74.1905
85.9505
84.7722
53.0776
38.0227
33.4543
95.5275
69.1024
25.6146
45.3077
44.0751
83.3895
36.5859
35.2863
58.2182
72.4541
27.9676
52.6593
14.7701
59.8431
69.0547
110.957
144.437
47.5526
21.6926
55.6423
14.0882
30.0319
89.3376
55.3006
-8.54086
51.7634
118.039
143.814
88.0042
48.4616
80.7367
43.8992
31.8551
27.3913
32.3163
53.9402
149.328
75.7377
19.0681
88.9685
108.695
50.1436
28.9528
58.8609
43.1548
12.9623
62.8929
87.2024
32.4953
13.4803
50.9785
103.574
125.954
156.495
116.954
85.2697
65.5181
110.062
103.153
69.521
89.6572
59.636
76.2914
99.7866
42.7481
23.9678
73.0081
83.9894
83.8451
45.0346
34.3292
80.6621
119.838
52.7312
21.1102
57.7989
43.4064
34.8357
94.1655
100.022
81.5696
44.7939
116.641
144.522
120.365
95.3657
57.7687
43.9404
125.75
79.3888
31.7898
108.113
142.91
60.2861
101.048
122.604
84.6249
47.0449
81.2862
138.757
153.372
120.678
165.746
204.303
159.784
132.935
54.9683
70.0567
103.243
109.255
117.566
169.067
104.524
88.4426
144.661
159.119
137.726
101.97
82.3397
126.678
150.534
105.09
144.064
155.611
118.414
51.6313
37.8868
66.9497
86.316
117.536
100.089
100.922
128.332
123.424
124.555
118.183
135.799
116.049
144.732
153.624
84.354
61.9208
91.9028
102.434
112.975
153.219
150.401
143.349
118.143
71.6587
93.7328
76.9536
74.1668
109.782
172.45
215.823
170.495
118.501
101.021
95.5103
120.077
128.675
187.569
187.187
115.55
56.7441
70.5561
122.024
152.33
166.988
169.796
119.065
75.9821
91.159
123.824
196.886
128.511
121.716
152.127
159.059
130.968
114.053
69.056
68.4306
120.761
125.534
148.867
133.483
81.921
69.5267
138.013
148.914
124.278
110.543
105.684
166.247
179.245
108.027
100.993
144.369
138.0
122.405
165.673
162.542
111.464
139.921
178.595
156.031
143.713
134.224
103.101
80.8905
80.5542
163.402
177.366
132.302
152.151
99.356
90.013
121.126
133.355
122.271
146.838
201.73
185.28
154.439
143.782
136.87
135.516
159.109
182.132
215.913
204.213
169.04
146.031
147.644
144.85
151.746
192.623
188.535
139.5
108.935
121.222
165.016
219.967
188.362
165.02
149.031
162.056
197.98
184.392
171.787
114.199
121.258
136.617
142.56
169.649
163.583
154.416
217.438
254.686
233.049
211.275
194.52
192.461
184.945
160.322
134.424
104.781
120.794
166.894
173.309
214.311
231.749
203.111
190.865
162.538
21.3071
-0.00161451
-0.0120605
-0.000452522
0.00203503
-0.00178536
0.00507251
0.00316086
-0.00215158
0.00242876
6.44611
775.839
198.88
163.182
269.611
246.276
219.024
103.914
205.169
237.791
168.649
233.257
207.106
205.966
179.825
276.077
195.167
214.964
327.739
265.385
135.151
143.734
246.785
244.365
147.724
152.675
191.273
204.397
262.964
244.739
282.924
266.612
219.178
234.425
219.654
211.29
235.508
165.688
133.419
174.129
176.743
197.783
238.207
221.357
254.134
154.495
120.064
84.8636
123.871
202.048
253.503
227.037
235.92
233.763
201.833
201.258
288.89
313.688
254.125
191.19
219.478
287.434
331.927
277.72
328.627
301.896
212.522
155.333
161.011
213.894
216.412
263.285
208.684
226.118
281.738
288.327
364.613
263.182
235.662
212.204
252.638
322.476
324.393
249.354
255.98
253.887
249.787
299.213
255.497
238.485
348.689
386.106
319.443
209.395
303.695
357.139
204.122
368.763
320.569
257.512
420.347
348.557
312.002
332.1
292.789
379.931
321.12
251.398
321.625
441.67
340.591
309.753
270.555
250.517
300.245
364.235
376.711
397.773
414.864
395.82
397.372
430.754
350.74
486.277
433.149
426.602
324.67
359.862
380.239
506.821
525.234
428.448
479.747
481.849
449.18
294.65
477.09
581.838
263.761
505.019
497.199
400.114
458.759
437.901
500.771
361.24
393.182
402.228
371.791
404.436
518.119
530.277
352.792
376.588
433.927
486.32
576.042
446.582
448.973
545.268
506.655
365.911
403.503
442.572
405.188
420.951
380.207
364.357
575.118
479.569
525.575
406.728
366.415
342.27
392.758
429.035
427.714
350.035
386.609
679.534
442.541
431.459
427.655
442.247
413.758
498.69
559.879
419.433
559.037
507.434
373.724
409.687
396.513
453.634
359.344
368.757
554.279
419.009
397.864
460.097
561.912
284.555
395.74
470.779
514.415
564.357
534.571
511.407
517.849
515.007
544.855
596.352
479.613
463.524
559.12
626.189
378.591
391.449
469.814
505.986
568.281
495.054
459.913
500.768
471.466
483.609
497.349
464.251
418.958
533.68
457.076
452.191
567.594
494.295
517.888
491.113
391.018
418.996
508.035
584.204
509.646
545.789
460.792
461.901
505.667
432.873
504.185
522.303
554.439
474.415
514.08
518.7
458.821
446.885
513.398
531.834
547.736
529.7
473.94
389.36
385.101
508.658
488.667
464.48
420.142
425.575
452.863
561.762
633.783
513.03
465.748
406.306
440.812
438.348
384.127
512.536
466.158
434.495
516.336
640.654
539.623
481.218
489.262
486.736
502.642
513.546
501.523
492.77
513.672
501.495
485.995
527.91
585.992
510.824
474.573
565.498
546.2
424.979
482.65
479.501
510.201
559.712
600.476
584.62
540.604
534.555
528.841
474.699
451.568
514.516
542.263
564.418
547.059
505.445
577.316
611.647
512.052
523.57
610.804
628.616
508.064
527.414
517.584
627.765
666.481
602.451
602.889
514.289
569.959
728.641
711.789
659.062
576.878
525.264
534.417
542.117
549.852
597.554
516.009
574.095
555.247
566.795
404.902
229.602
216.765
371.804
304.005
482.3
558.783
563.105
508.912
568.558
462.269
367.43
359.518
279.026
302.27
500.566
658.76
577.007
435.53
580.408
532.219
471.717
685.29
715.975
578.604
623.876
602.367
541.916
524.088
511.467
558.654
532.81
587.657
572.827
598.695
673.685
575.057
678.314
700.909
521.045
466.185
594.669
600.281
679.48
705.77
745.534
590.461
662.764
690.986
670.143
706.137
629.817
661.485
513.747
552.772
584.696
750.272
664.671
613.328
613.918
728.333
762.273
808.986
799.534
570.778
662.151
787.595
859.504
639.965
566.689
614.942
690.791
689.659
725.368
682.204
706.496
791.025
765.844
722.043
623.721
813.859
814.487
720.183
738.695
675.802
774.945
788.098
623.178
536.939
722.843
575.941
729.827
726.431
740.094
797.005
511.118
551.062
699.575
985.182
972.824
765.437
705.352
793.814
793.548
791.143
831.646
695.889
825.807
803.117
863.249
688.148
615.936
793.128
617.409
761.95
795.309
959.354
786.358
703.99
936.023
974.776
958.37
796.572
817.173
711.99
905.289
839.53
917.414
787.828
823.112
703.629
744.427
967.286
789.893
770.25
809.532
664.52
827.082
842.31
789.024
790.872
1052.69
873.983
810.204
824.065
790.023
826.613
928.679
899.733
825.179
752.886
796.904
874.71
908.981
777.664
820.399
894.789
880.921
745.314
736.44
830.88
879.722
1040.3
1006.22
752.186
747.0
797.918
828.32
884.149
890.418
707.216
995.366
868.556
933.481
930.25
843.243
812.379
892.568
1051.13
877.052
782.091
761.4
853.044
844.475
822.376
771.441
864.834
872.068
852.595
946.777
859.338
749.059
868.027
853.73
754.556
769.002
908.711
913.928
774.698
853.314
909.864
943.542
965.813
831.55
904.633
922.122
850.514
914.033
879.601
835.029
805.879
822.861
720.045
806.964
991.663
992.881
831.321
786.442
833.373
863.386
991.471
969.984
966.945
881.645
847.342
897.127
990.993
1001.63
928.439
867.736
850.239
896.857
919.753
933.228
950.214
809.422
795.707
929.197
1006.07
868.852
901.747
858.627
876.059
908.791
897.693
929.228
989.528
936.463
882.613
866.432
1113.77
1022.42
1181.93
1085.93
932.926
892.956
892.222
893.58
1009.03
1093.46
1111.09
931.55
770.908
873.47
989.494
863.668
829.341
878.544
993.48
987.734
1085.01
819.03
1002.88
1038.74
922.839
997.972
964.509
966.358
918.654
930.638
995.883
1019.77
1110.31
1145.8
1188.67
1105.6
1049.86
1008.85
1060.28
1170.81
946.798
941.569
941.778
1040.39
1132.02
1085.84
1146.72
1059.82
1064.47
1041.23
1116.91
1081.8
1041.8
1051.08
1043.74
1131.1
1284.29
1029.72
926.444
987.295
1077.5
987.964
980.575
1075.55
1251.75
1104.02
944.385
1076.0
1038.84
1003.3
1155.11
1137.53
967.979
1110.26
991.685
1205.69
1044.67
1025.07
1133.4
1014.06
925.268
893.299
1187.75
1073.13
1157.11
1061.06
1333.21
1160.62
1023.74
1032.5
1230.03
1019.51
1094.34
1208.05
935.57
1029.12
1136.14
1074.72
1228.13
1218.93
1128.83
1099.5
1392.71
1194.98
1412.4
1061.42
1128.31
1210.17
1273.78
971.597
961.827
1164.8
1057.59
1201.55
1415.07
1117.99
1187.45
1300.8
1157.74
1291.25
1084.94
1273.41
1268.32
1198.13
1104.07
1103.18
1214.55
968.937
1060.96
1135.27
1160.23
1324.75
1108.52
973.605
1059.21
1166.19
1257.36
1132.69
1033.06
1023.31
1218.04
1074.48
1195.52
946.23
1137.45
1028.55
1140.55
1210.72
1227.15
1115.96
1079.45
1396.9
1358.03
1350.2
1282.78
1235.16
1232.53
1226.15
1363.97
1228.31
1223.51
1209.78
1095.23
1159.85
1138.37
1226.6
1404.6
1386.93
1117.5
1219.06
1231.68
1286.28
1335.92
1226.47
1345.84
1213.08
1200.89
1115.88
1261.18
1216.9
1234.7
1232.22
1270.52
1364.58
1180.76
1226.04
1402.18
1319.65
1150.18
1108.22
1327.05
1441.1
1166.84
1156.73
1326.51
1341.31
1260.12
1384.66
1345.13
1264.24
1286.77
1248.22
1277.37
1197.27
1330.42
1284.53
1183.7
1199.03
1188.05
1262.38
1197.95
1338.99
1531.25
1353.56
1245.68
1247.01
1342.04
1392.62
1425.38
1329.78
1353.22
1180.23
1289.41
1358.78
1467.46
1286.54
1481.25
1289.82
1268.19
1306.44
1194.26
1433.08
1354.18
1382.23
1446.32
1415.76
1253.92
1275.45
1448.08
1393.78
1400.98
1400.97
1405.29
1300.54
1260.31
1363.06
1431.02
1413.54
1383.97
1347.82
1304.0
1373.41
1333.44
1252.54
1437.37
1405.84
1358.52
1399.48
1355.37
1482.19
1533.39
1412.7
1324.48
1439.17
1331.03
1540.33
2000.06
1498.84
1443.16
1405.63
1301.03
1567.9
1481.91
1386.94
1296.46
1497.38
1608.68
1572.84
1561.02
1434.85
1528.44
1478.69
1563.14
1253.44
1357.7
1653.98
1600.07
1423.99
1454.42
1419.01
1545.94
1604.22
1855.39
1509.0
1512.56
1401.49
1442.91
1643.67
1486.11
1408.43
1477.39
1424.7
1514.83
1487.38
1398.26
1452.91
1628.62
1540.57
1643.1
1597.37
1446.88
1592.42
1625.44
1407.85
1386.41
1331.59
1296.18
1408.58
1533.42
1496.3
1558.49
1505.57
1549.79
1711.14
1819.64
1801.11
1725.4
1702.57
1718.57
1697.04
1475.75
1428.55
1504.93
1751.14
1762.72
1557.84
1615.02
1591.15
1451.36
1575.46
1640.2
1592.64
1619.42
1723.81
1633.91
1569.55
1534.24
1647.43
1720.69
1710.72
1596.72
1527.56
1562.64
1637.35
1623.08
1891.98
1638.93
1609.19
1543.75
1572.84
1720.53
1637.02
1613.76
1615.21
1674.12
1929.29
1767.01
1677.51
1693.59
1848.26
1936.94
1702.22
1644.9
1627.21
1779.55
1513.65
1743.16
1502.28
1653.96
1692.45
1682.39
1694.15
1667.08
1717.63
1646.32
1770.64
1820.87
1666.59
1770.64
1570.29
1540.0
1644.45
1747.94
1792.7
1872.83
1582.1
1970.98
1541.13
1671.81
1700.46
1558.75
1869.82
1661.91
1720.6
1632.77
1734.12
1668.35
1666.05
1827.25
1674.81
1701.45
1595.65
1615.83
1726.81
1713.58
1831.29
1617.9
1624.93
1643.61
1687.14
1741.09
1625.44
1677.81
1898.09
1941.61
1816.81
1636.53
1696.72
1864.14
1735.61
1655.58
1667.13
1592.65
1618.04
792.811
0.00530307
552.14
1720.31
1827.9
1846.45
1750.5
1824.29
1829.96
1870.52
1908.56
1809.46
1861.8
1856.37
1748.42
1702.84
1669.04
1711.7
1723.35
2027.03
1886.51
1858.46
1899.92
1888.72
1705.11
1644.33
1657.79
1744.35
1675.47
1811.8
1844.81
1661.62
1651.96
1700.01
1612.76
1697.04
1646.07
1774.59
1742.71
1756.14
1843.04
1620.97
1793.67
1910.98
1685.1
1731.26
1770.53
1785.25
1671.96
1768.02
1729.72
1686.44
1769.58
1872.08
1900.26
1849.15
1757.97
1654.17
1588.26
1607.0
1750.12
1868.08
1723.41
1717.88
1734.31
1731.86
1691.42
1732.54
1697.41
1622.04
1628.06
1728.67
1758.59
1667.65
1618.66
1641.67
1744.95
1770.69
1859.34
1762.85
1769.41
1687.11
1633.04
1637.86
1646.77
1553.83
1619.13
1624.27
1593.36
1688.94
1706.74
1734.48
1645.68
1701.97
1710.56
1806.99
1874.18
1808.46
1668.35
1708.52
1757.37
1756.42
1744.06
1683.01
1740.89
1744.88
1695.99
1652.03
1793.4
1604.69
1606.92
1287.08
1179.6
1222.32
1225.88
1373.08
1437.39
1373.2
1449.79
1475.15
1521.06
1646.59
1591.39
1575.49
1416.35
1388.67
1535.5
1536.27
1375.96
1394.52
1492.73
1492.8
1403.49
1540.93
1650.52
1682.24
1788.25
1666.06
1590.84
1578.93
1554.45
1606.07
1680.3
1714.76
1754.01
1778.07
1706.78
1635.79
1630.84
1745.82
1652.37
1592.07
1603.07
1573.27
1597.42
1597.15
1600.46
1692.71
1716.82
1655.32
1684.02
1799.14
1764.93
1725.72
1683.42
1728.85
1756.72
1761.08
1709.44
1760.71
1836.07
1800.33
1835.45
1896.71
1711.53
1759.17
1758.61
1749.72
1793.67
1777.04
1746.06
1841.6
1764.92
1815.79
1887.69
1864.41
1685.89
1752.86
1885.56
1896.76
1852.67
1750.64
1782.94
1783.49
1723.84
1807.34
1834.56
1901.9
1871.05
1923.52
1987.21
1833.68
1660.64
1633.88
1716.63
1794.81
1828.6
1858.81
1886.84
1864.38
1936.22
1836.53
1761.93
1790.37
1826.88
1957.46
1863.25
1769.3
1818.38
1916.24
1831.52
1724.46
1683.95
1704.59
1708.68
1810.89
1903.24
1876.75
1742.03
1759.49
1888.04
1995.44
2091.01
1961.65
1815.02
1811.03
1898.37
1978.62
2052.76
1981.13
1909.28
1834.87
1775.82
1779.17
1874.37
1965.82
2013.44
1816.54
1843.94
1752.32
1777.58
1853.82
1745.46
1878.66
1943.12
1830.64
1887.28
1786.73
1718.94
1749.13
1708.83
1792.83
1768.67
1783.41
1953.15
1757.84
1970.88
1936.62
2024.57
1979.4
1860.95
1884.73
2034.68
1898.58
1855.36
1766.81
1791.53
1897.62
1847.8
1818.35
1770.89
1949.11
1906.93
1865.7
1753.47
1782.11
1950.5
1951.1
1871.73
1878.77
1865.24
1880.43
1858.13
1819.63
1881.67
1794.43
1876.05
1923.5
1844.31
1849.62
1813.06
1840.68
1907.28
1799.99
1758.95
1920.94
1982.0
2054.72
1935.54
1995.04
1961.64
2061.06
1929.38
1817.15
1819.74
1911.86
1893.86
1775.16
1755.18
1814.11
1942.46
1769.1
1664.2
1692.33
1802.78
1805.58
1948.98
1960.32
2055.46
1829.23
1832.78
1890.47
1966.21
1889.95
1791.38
1810.05
1850.23
1760.78
1808.71
1838.18
1933.13
1857.85
1967.53
1841.99
1723.73
1787.27
1770.66
1770.26
1882.38
1945.13
1915.22
1869.38
1833.67
1874.07
1905.85
1788.34
1848.19
1852.73
1797.45
1801.09
1737.29
1793.34
1817.26
1860.55
1846.28
1847.42
1975.94
1902.25
1856.54
1908.52
2011.22
1961.89
1753.12
1717.64
1795.09
1885.02
1871.18
1833.92
1932.23
1937.26
1914.95
1738.72
1873.78
2206.99
2157.43
1699.49
1870.04
1895.49
1934.5
1277.36
1738.99
1874.46
1816.78
1821.76
1948.59
1957.34
1822.16
1922.36
1794.1
1816.93
1775.12
1952.47
1945.58
1885.47
2088.94
1910.38
1847.69
1840.88
1832.2
2026.29
2290.84
2049.81
2027.62
1798.97
1822.17
1814.44
1857.85
1833.63
1868.66
1977.56
1978.61
2018.64
1832.66
2001.38
2019.5
1920.06
1901.27
2000.32
1927.79
1849.35
1796.33
1804.92
1875.34
1897.06
1948.45
1969.85
2070.62
1993.89
2065.77
2066.72
1902.8
1786.17
1831.9
1859.73
2077.14
2222.86
1891.55
1866.58
1862.52
1885.05
1997.78
1878.54
1898.44
2031.72
1821.67
1914.68
1977.36
1924.87
2031.85
2110.05
1881.54
1877.14
1802.11
1924.49
1936.55
1797.93
1743.79
1758.86
1903.64
1947.25
1942.34
1867.96
1957.58
2047.51
2032.24
1922.21
1929.78
1926.93
2031.17
1840.76
1858.12
2165.72
2039.34
1874.72
2061.63
1868.18
1840.76
2031.43
1896.95
1849.53
1932.17
1968.15
1978.52
2064.34
1893.48
2049.96
1943.53
1890.41
1868.38
2084.43
1861.73
1765.56
1866.8
2002.66
1799.43
1698.99
1626.86
1852.88
2251.47
1733.6
1960.15
1774.91
1816.14
1742.47
1943.11
2011.66
2064.09
1845.22
1897.45
1927.43
1949.08
1925.38
1962.4
1932.81
1908.55
1989.33
1932.91
1959.04
2154.93
1890.21
1869.47
1794.56
1825.22
1931.17
2111.84
1992.55
1886.42
1804.74
1831.38
1883.76
1727.3
1765.52
1745.91
1775.13
1969.43
1923.23
1883.65
1938.23
1811.26
1778.23
1906.53
1805.96
1705.46
1939.28
2211.29
2117.08
1880.69
2168.73
2003.17
1812.47
1973.66
1819.6
1892.08
1941.68
2037.74
1782.72
1735.04
1946.41
1821.41
2108.9
2015.57
1862.77
2107.98
2147.49
1948.72
1821.34
1828.72
1798.98
1823.85
1849.86
1833.53
1852.87
1913.2
1901.81
2080.26
1940.86
1756.33
1765.0
1779.02
1805.62
1795.59
1755.93
1812.88
1792.27
1883.93
1972.03
1854.26
1653.25
1783.46
1791.81
2070.72
1907.27
1754.74
1878.42
2073.88
1978.74
1983.9
2061.05
2086.96
2120.14
2130.85
1767.62
1865.3
1903.43
2049.59
2005.47
2159.03
1837.09
1803.02
1867.02
1786.32
1860.85
1892.11
1785.6
1870.7
1922.96
1978.49
1816.16
1739.24
1698.29
1863.63
1861.08
1763.06
1824.09
1795.23
1753.57
1797.44
1930.9
1891.06
1893.76
1803.71
1791.63
1964.31
2016.3
1723.08
1541.8
1246.27
963.448
834.879
702.394
592.624
524.747
544.318
522.51
426.784
403.138
493.235
463.893
598.692
678.624
813.289
1063.13
1200.58
1370.66
1345.78
1412.54
1186.54
1066.07
1084.11
1004.8
861.679
967.047
863.105
832.166
880.73
992.161
969.436
1009.4
1044.13
1059.12
1083.05
1107.17
1095.64
1080.66
1264.53
1274.29
1184.23
1283.11
1355.4
1301.04
1408.03
1505.78
1482.19
1464.55
1519.89
1573.72
1520.91
1511.61
1516.91
1573.86
1720.68
1750.85
1653.7
1673.65
1740.12
1580.61
1551.3
1601.11
1737.52
1854.13
1682.11
1845.8
1680.2
1745.19
1734.31
1777.99
1720.06
1827.83
1912.22
1925.69
1859.61
1670.07
1664.43
1883.94
1897.35
1818.73
1839.47
1824.35
1794.88
1771.46
1713.32
1830.19
1675.78
1760.52
1822.36
1798.53
1841.35
1809.67
1919.56
2076.36
2155.25
1840.97
1779.46
1913.85
1823.81
1835.19
1699.6
1688.8
1996.39
1870.72
1854.25
1823.55
1750.39
1918.98
2056.57
2179.09
1868.45
1666.54
1687.75
1750.83
1843.45
1537.63
1473.17
1432.71
1896.15
1834.98
1784.25
1931.22
1630.3
1619.93
1708.88
1570.83
1659.05
1580.39
1659.61
1770.16
1726.93
1755.79
1827.84
1853.32
1939.2
1839.24
1787.2
1774.5
1702.15
1753.17
1689.9
1624.21
1632.2
1725.96
1763.88
1819.95
1798.61
1781.56
1951.79
1890.25
1882.22
1710.97
1679.44
1692.39
1788.35
1976.17
1904.54
1826.07
1817.53
1744.24
2047.91
2022.98
1819.28
1844.82
1687.74
1707.14
1836.44
1913.9
1831.03
1596.83
1763.18
1617.86
1684.2
1723.49
1683.61
1680.69
1682.2
1701.71
1601.68
1573.45
1611.09
1576.66
1775.57
1851.43
1794.43
1816.78
1749.4
1703.83
1739.99
1799.8
1696.75
1709.66
2257.1
2289.07
1945.13
1804.44
1590.08
1754.0
1709.57
1720.42
1665.05
1735.44
1749.3
1488.75
1845.96
2032.09
1524.86
1723.27
1622.09
1760.42
1890.34
1993.4
1828.23
1701.09
1568.63
1663.18
1587.19
1641.49
1369.61
1561.57
1838.65
1649.51
1490.5
1680.99
1666.81
1638.46
1756.1
1633.99
1528.62
1518.87
1663.02
1788.67
1769.72
1693.43
1647.12
1769.81
1901.35
1576.27
1812.35
1857.01
1613.14
1635.82
1611.32
1801.62
2008.47
1623.71
1652.04
1682.72
1579.94
1356.33
1633.07
1813.01
1829.31
1521.08
1646.8
1927.39
1779.8
1702.72
1568.95
1583.45
1569.41
1581.02
1732.08
1777.69
1604.01
1595.99
1669.41
1757.32
1652.98
1719.68
1793.83
1787.65
1724.37
1757.3
1845.83
1823.32
1793.25
1506.35
1681.03
1657.41
1657.64
1693.11
1680.55
1653.54
1735.82
1574.33
1598.63
1793.11
1595.58
1391.26
1511.31
1615.58
1672.78
1715.31
1758.45
1905.24
1970.09
1776.58
1609.07
1494.33
1774.13
1707.28
1744.25
1661.79
1625.0
1640.27
1616.5
1669.72
1714.32
1505.05
1429.62
1477.87
1597.52
1599.33
1611.46
1593.31
1722.61
1698.52
1696.95
2060.65
1877.14
1622.38
1696.36
1614.21
1591.64
1692.37
1669.95
1529.78
1466.9
1615.73
1522.53
1578.73
1691.01
1627.72
1557.55
1534.41
1466.64
1559.21
1514.15
1618.76
1594.27
1519.14
1555.77
1618.11
1570.24
1520.18
1539.86
1558.9
1642.01
1514.96
1491.55
1545.41
1503.55
1581.2
1608.64
1600.05
1615.89
1628.66
1544.28
1506.62
1505.21
1593.77
1537.26
1550.06
1447.71
1649.55
1753.12
1667.72
1524.21
1581.0
1622.76
1518.92
1584.7
1477.8
1519.28
1483.78
1529.4
1527.93
1476.27
1554.13
1529.23
1535.66
1443.09
1305.27
881.503
833.294
1018.49
1328.27
1334.07