    1 13.8606
    2 14.6568
    3 15.4951
    4 16.3794
    5 17.5198
    6 19.1413
    7 21.1
    8 22.88
    9 24.7822
   10 28.28
   11 9.46081
   12 -4.63231
   13 -5.8873
   14 -15.9943
   15 15.8995
   16 34.6589
   17 33.9353
   18 11.9699
   19 -11.7292
   20 -31.2907
   21 -37.6857
   22 -51.3568
   23 6.30359
   24 12.9275
   25 -35.4173
   26 -28.4857
   27 -21.7775
   28 -12.4307
   29 -0.870788
   30 26.2229
   31 45.2126
   32 52.8211
   33 75.3265
   34 69.2951
   35 54.1711
   36 13.6145
   37 6.18532
   38 55.5537
   39 19.3638
   40 14.7882
   41 26.0604
   42 75.0763
   43 22.5014
   44 -22.9118
   45 -15.7013
   46 37.8606
   47 24.9013
   48 -25.3933
   49 -59.0261
   50 -16.9068
   51 18.4943
   52 27.3199
   53 16.5697
   54 -5.66662
   55 -44.9785
   56 18.562
   57 43.6264
   58 1.85543
   59 24.137
   60 29.7473
   61 23.7659
   62 23.2076
   63 13.2326
   64 -1.12592
   65 0.151724
   66 2.05133
   67 34.3953
   68 23.8476
   69 2.00498
   70 -4.13241
   71 5.64719
   72 3.59059
   73 -25.9594
   74 -41.4464
   75 -14.777
   76 5.85197
   77 27.124
   78 -22.252
   79 -32.3595
   80 -3.76755
   81 8.66027
   82 11.7686
   83 40.4227
   84 23.9882
   85 5.08304
   86 -12.6086
   87 11.6789
   88 5.47267
   89 -21.3255
   90 -19.7081
   91 17.5244
   92 2.38275
   93 -28.337
   94 -40.5049
   95 -19.4866
   96 -1.04431
   97 -6.51403
   98 -18.6077
   99 -13.8956
  100 -17.5049
  101 4.49601
  102 24.3698
  103 16.1314
  104 31.372
  105 26.4744
  106 25.8992
  107 34.3448
  108 2.23389
  109 -21.1823
  110 -40.5309
  111 36.7087
  112 30.7456
  113 -16.3599
  114 -37.5418
  115 7.78704
  116 64.9884
  117 95.6185
  118 18.6647
  119 -13.1403
  120 2.95212
  121 39.5908
  122 46.4743
  123 12.7191
  124 -53.1224
  125 -11.0807
  126 21.9809
  127 -7.26015
  128 -24.4046
  129 -0.882673
  130 19.2269
  131 20.1076
  132 34.9573
  133 -55.2453
  134 -8.732
  135 46.8672
  136 60.8635
  137 36.3702
  138 -2.92104
  139 -13.0934
  140 8.54042
  141 0.0195028
  142 -4.95286
  143 -1.54509
  144 -1.30363
  145 12.7286
  146 -29.8248
  147 -35.2415
  148 -43.1266
  149 -48.6023
  150 3.36967
  151 25.4406
  152 78.3246
  153 51.7002
  154 33.5102
  155 15.2433
  156 4.54416
  157 -24.2348
  158 -21.3957
  159 11.1398
  160 17.2589
  161 22.9272
  162 11.3159
  163 -39.8715
  164 -31.6908
  165 6.34398
  166 42.361
  167 21.1262
  168 -20.76
  169 -27.8296
  170 -22.7656
  171 47.1011
  172 73.9992
  173 8.75626
  174 45.3831
  175 58.5574
  176 3.02048
  177 2.20052
  178 1.48485
  179 5.11779
  180 45.6446
  181 19.0716
  182 -21.6499
  183 -92.4318
  184 -27.4204
  185 34.4764
  186 5.24169
  187 19.3655
  188 44.5767
  189 28.8898
  190 89.2264
  191 95.437
  192 3.91825
  193 -35.3827
  194 -52.79
  195 -2.14291
  196 26.393
  197 19.1938
  198 18.6638
  199 53.0657
  200 43.3136
  201 0.437338
  202 -17.1187
  203 -42.5238
  204 -0.612268
  205 10.4676
  206 -9.7865
  207 -31.2349
  208 -8.24645
  209 7.02939
  210 -24.9397
  211 -15.796
  212 -41.2974
  213 -58.0969
  214 16.1506
  215 16.4142
  216 -10.4169
  217 -1.21512
  218 -12.5485
  219 -30.2187
  220 -30.6279
  221 -7.86912
  222 -23.7096
  223 -11.1361
  224 5.84083
  225 3.47592
  226 6.03595
  227 0.750039
  228 -14.8336
  229 8.17412
  230 69.9643
  231 88.033
  232 75.1095
  233 43.2702
  234 30.1946
  235 9.84419
  236 22.925
  237 10.6364
  238 10.7633
  239 20.9119
  240 16.528
  241 4.95417
  242 12.1156
  243 2.60147
  244 35.8368
  245 35.5686
  246 -32.0621
  247 -14.8945
  248 0.78286
  249 8.54854
  250 64.3309
  251 22.9687
  252 -28.4244
  253 50.1951
  254 66.9061
  255 36.542
  256 -18.2407
  257 16.1452
  258 34.1019
  259 59.0304
  260 60.9542
  261 5.75398
  262 -15.9431
  263 38.2831
  264 14.2924
  265 -37.7959
  266 -21.2971
  267 21.12
  268 37.1058
  269 18.624
  270 -27.5321
  271 -12.4924
  272 -20.347
  273 -22.5721
  274 -23.823
  275 6.78989
  276 32.222
  277 -3.86108
  278 -6.44182
  279 -0.381919
  280 -14.1519
  281 -21.1321
  282 -7.2965
  283 37.9215
  284 53.178
  285 41.1243
  286 -8.71521
  287 2.88115
  288 8.31375
  289 -7.8409
  290 32.1502
  291 32.9022
  292 -3.87818
  293 -27.7411
  294 -6.01478
  295 21.1864
  296 21.0335
  297 -67.6379
  298 -32.6725
  299 -10.7199
  300 54.4725
  301 63.7213
  302 -9.17642
  303 36.745
  304 51.5765
  305 44.7235
  306 53.0349
  307 26.8873
  308 53.607
  309 64.372
  310 35.0283
  311 11.3847
  312 37.5399
  313 9.55065
  314 25.4568
  315 3.31321
  316 -33.9318
  317 -18.6861
  318 34.9319
  319 42.0737
  320 37.6076
  321 43.8065
  322 15.9635
  323 -49.8791
  324 -46.0192
  325 -27.9136
  326 33.7937
  327 9.31131
  328 36.3014
  329 78.0045
  330 67.1015
  331 24.6891
  332 22.8604
  333 -13.0298
  334 52.5407
  335 80.0009
  336 76.683
  337 49.3008
  338 -45.1269
  339 77.4842
  340 58.7267
  341 27.4196
  342 15.7741
  343 -0.716425
  344 28.4886
  345 87.1881
  346 60.972
  347 28.533
  348 -3.12647
  349 -25.2096
  350 -20.3472
  351 68.9608
  352 60.4319
  353 46.2562
  354 68.7259
  355 52.5908
  356 -22.7738
  357 -70.9457
  358 -11.9989
  359 30.1772
  360 11.4553
  361 -28.3223
  362 -28.5949
  363 3.07264
  364 18.8932
  365 -27.2543
  366 -33.0477
  367 -28.0554
  368 11.324
  369 25.3077
  370 40.6318
  371 -37.7932
  372 -71.6907
  373 -13.6641
  374 -11.3298
  375 2.42604
  376 8.38789
  377 23.6849
  378 20.5361
  379 39.4514
  380 50.6691
  381 11.8628
  382 -1.42222
  383 -3.97199
  384 -46.6913
  385 -20.8023
  386 22.2888
  387 25.7163
  388 24.6209
  389 -25.8309
  390 -56.8516
  391 -15.9209
  392 -11.6192
  393 15.8236
  394 62.4695
  395 40.4088
  396 36.1025
  397 27.2781
  398 31.9637
  399 32.4665
  400 3.14181
  401 -9.05304
  402 -36.2199
  403 1.28291
  404 17.4732
  405 34.4979
  406 68.6924
  407 26.7476
  408 -0.638523
  409 88.128
  410 105.087
  411 50.9375
  412 -6.24376
  413 -10.8151
  414 14.0067
  415 18.9745
  416 -24.0571
  417 21.9509
  418 29.0452
  419 41.5175
  420 62.6918
  421 44.4895
  422 29.0913
  423 -20.215
  424 -61.3128
  425 -33.4943
  426 45.4882
  427 23.5877
  428 11.3003
  429 1.24951
  430 24.6325
  431 38.8718
  432 76.6631
  433 -11.6493
  434 -81.9603
  435 -65.7899
  436 -54.3635
  437 21.1979
  438 60.7768
  439 32.0747
  440 59.9634
  441 78.5206
  442 26.3834
  443 -16.2351
  444 -32.2354
  445 -1.57818
  446 27.735
  447 37.6263
  448 22.273
  449 -6.29773
  450 6.29943
  451 14.2511
  452 20.9734
  453 56.1257
  454 59.4929
  455 46.7565
  456 74.53
  457 49.1331
  458 -21.5826
  459 -8.97159
  460 45.8023
  461 46.8436
  462 -1.63688
  463 2.07622
  464 -21.1694
  465 -18.1736
  466 6.78286
  467 41.3736
  468 23.2755
  469 -6.00768
  470 80.4913
  471 43.2738
  472 34.3597
  473 27.5826
  474 66.1488
  475 52.3844
  476 4.13331
  477 1.81758
  478 6.62978
  479 21.6444
  480 -22.2031
  481 21.4181
  482 95.1819
  483 69.2338
  484 43.9615
  485 5.15232
  486 -8.56453
  487 22.3021
  488 25.0222
  489 -24.906
  490 -21.4311
  491 -9.56045
  492 0.330239
  493 8.95197
  494 12.4882
  495 15.9728
  496 88.3523
  497 87.3975
  498 34.5714
  499 -4.64514
  500 -10.2312
  501 -4.80072
  502 6.68159
  503 21.8183
  504 64.5143
  505 32.4609
  506 2.10504
  507 13.3203
  508 16.5431
  509 1.89823
  510 -40.5924
  511 39.8152
  512 30.9688
  513 9.2489
  514 2.28978
  515 -18.7572
  516 -42.0477
  517 -58.8876
  518 -35.7082
  519 52.2651
  520 112.065
  521 124.775
  522 28.2835
  523 22.5236
  524 -33.1942
  525 -30.1639
  526 -29.5928
  527 29.916
  528 27.4362
  529 1.92615
  530 23.5644
  531 48.2215
  532 33.6842
  533 50.1459
  534 15.9985
  535 -34.186
  536 -12.0491
  537 21.2247
  538 45.3034
  539 46.5128
  540 19.8895
  541 30.7491
  542 11.1396
  543 42.4536
  544 54.1286
  545 32.6176
  546 -19.5555
  547 -42.8315
  548 22.984
  549 50.0662
  550 -12.8355
  551 -0.522632
  552 36.4574
  553 24.7181
  554 6.17008
  555 34.8837
  556 -7.12782
  557 4.34076
  558 -13.9423
  559 56.8426
  560 38.2134
  561 50.9803
  562 -0.572569
  563 32.6618
  564 81.8546
  565 10.5933
  566 -29.2325
  567 11.583
  568 16.6336
  569 20.301
  570 56.3844
  571 52.132
  572 46.6933
  573 54.5198
  574 -9.318
  575 -9.4593
  576 23.7655
  577 -15.9899
  578 -6.04205
  579 4.74049
  580 36.3705
  581 35.9355
  582 25.1493
  583 15.0807
  584 58.2434
  585 40.7158
  586 -8.95412
  587 11.6143
  588 -14.3176
  589 25.9011
  590 44.315
  591 20.907
  592 4.24601
  593 27.9666
  594 34.5428
  595 59.9942
  596 51.063
  597 32.1714
  598 15.4844
  599 -18.6934
  600 -16.9382
  601 50.5205
  602 97.7123
  603 54.9833
  604 9.62449
  605 23.0837
  606 33.4537
  607 30.8361
  608 -15.2785
  609 -23.4828
  610 26.1472
  611 30.5536
  612 -19.4427
  613 -38.1235
  614 -22.4752
  615 -8.19851
  616 5.94407
  617 32.081
  618 13.2888
  619 32.747
  620 71.1895
  621 39.5571
  622 53.6635
  623 46.5449
  624 9.54255
  625 73.4307
  626 94.719
  627 38.7259
  628 -19.9543
  629 -16.6512
  630 -0.117323
  631 23.2884
  632 9.97473
  633 38.505
  634 1.70713
  635 6.49782
  636 19.5268
  637 22.1959
  638 -14.31
  639 4.38933
  640 2.19689
  641 41.6711
  642 36.953
  643 30.3128
  644 3.77729
  645 32.8062
  646 -16.1425
  647 53.6631
  648 57.7557
  649 11.1329
  650 13.5605
  651 34.0227
  652 33.9264
  653 30.221
  654 6.78695
  655 3.26704
  656 50.9294
  657 69.7171
  658 52.5264
  659 24.7934
  660 20.7954
  661 24.0783
  662 43.9236
  663 58.2289
  664 49.6045
  665 25.0394
  666 38.0118
  667 58.4455
  668 62.6613
  669 57.6784
  670 40.9506
  671 5.05959
  672 12.8139
  673 43.3879
  674 60.5228
  675 45.8731
  676 36.3879
  677 54.9811
  678 95.3578
  679 102.236
  680 3.67129
  681 25.8519
  682 26.5525
  683 51.897
  684 70.0421
  685 -5.82997
  686 -2.52786
  687 32.5285
  688 42.9158
  689 19.7074
  690 -45.3872
  691 -25.8008
  692 51.0377
  693 115.951
  694 41.4601
  695 -15.6568
  696 64.0968
  697 31.7593
  698 45.8246
  699 46.1033
  700 71.0733
  701 66.9009
  702 8.75102
  703 28.4018
  704 28.437
  705 61.1727
  706 27.8488
  707 34.2063
  708 25.9575
  709 39.9922
  710 26.4402
  711 51.8677
  712 58.2909
  713 97.5246
  714 74.2637
  715 71.4775
  716 15.3138
  717 46.3014
  718 61.4785
  719 22.4305
  720 14.5717
  721 64.5141
  722 68.2326
  723 47.2332
  724 31.2773
  725 46.6554
  726 36.3288
  727 42.9271
  728 76.329
  729 74.1905
  730 85.9505
  731 84.7722
  732 53.0776
  733 38.0227
  734 33.4543
  735 95.5275
  736 69.1024
  737 25.6146
  738 45.3077
  739 44.0751
  740 83.3895
  741 36.5859
  742 35.2863
  743 58.2182
  744 72.4541
  745 27.9676
  746 52.6593
  747 14.7701
  748 59.8431
  749 69.0547
  750 110.957
  751 144.437
  752 47.5526
  753 21.6926
  754 55.6423
  755 14.0882
  756 30.0319
  757 89.3376
  758 55.3006
  759 -8.54086
  760 51.7634
  761 118.039
  762 143.814
  763 88.0042
  764 48.4616
  765 80.7367
  766 43.8992
  767 31.8551
  768 27.3913
  769 32.3163
  770 53.9402
  771 149.328
  772 75.7377
  773 19.0681
  774 88.9685
  775 108.695
  776 50.1436
  777 28.9528
  778 58.8609
  779 43.1548
  780 12.9623
  781 62.8929
  782 87.2024
  783 32.4953
  784 13.4803
  785 50.9785
  786 103.574
  787 125.954
  788 156.495
  789 116.954
  790 85.2697
  791 65.5181
  792 110.062
  793 103.153
  794 69.521
  795 89.6572
  796 59.636
  797 76.2914
  798 99.7866
  799 42.7481
  800 23.9678
  801 73.0081
  802 83.9894
  803 83.8451
  804 45.0346
  805 34.3292
  806 80.6621
  807 119.838
  808 52.7312
  809 21.1102
  810 57.7989
  811 43.4064
  812 34.8357
  813 94.1655
  814 100.022
  815 81.5696
  816 44.7939
  817 116.641
  818 144.522
  819 120.365
  820 95.3657
  821 57.7687
  822 43.9404
  823 125.75
  824 79.3888
  825 31.7898
  826 108.113
  827 142.91
  828 60.2861
  829 101.048
  830 122.604
  831 84.6249
  832 47.0449
  833 81.2862
  834 138.757
  835 153.372
  836 120.678
  837 165.746
  838 204.303
  839 159.784
  840 132.935
  841 54.9683
  842 70.0567
  843 103.243
  844 109.255
  845 117.566
  846 169.067
  847 104.524
  848 88.4426
  849 144.661
  850 159.119
  851 137.726
  852 101.97
  853 82.3397
  854 126.678
  855 150.534
  856 105.09
  857 144.064
  858 155.611
  859 118.414
  860 51.6313
  861 37.8868
  862 66.9497
  863 86.316
  864 117.536
  865 100.089
  866 100.922
  867 128.332
  868 123.424
  869 124.555
  870 118.183
  871 135.799
  872 116.049
  873 144.732
  874 153.624
  875 84.354
  876 61.9208
  877 91.9028
  878 102.434
  879 112.975
  880 153.219
  881 150.401
  882 143.349
  883 118.143
  884 71.6587
  885 93.7328
  886 76.9536
  887 74.1668
  888 109.782
  889 172.45
  890 215.823
  891 170.495
  892 118.501
  893 101.021
  894 95.5103
  895 120.077
  896 128.675
  897 187.569
  898 187.187
  899 115.55
  900 56.7441
  901 70.5561
  902 122.024
  903 152.33
  904 166.988
  905 169.796
  906 119.065
  907 75.9821
  908 91.159
  909 123.824
  910 196.886
  911 128.511
  912 121.716
  913 152.127
  914 159.059
  915 130.968
  916 114.053
  917 69.056
  918 68.4306
  919 120.761
  920 125.534
  921 148.867
  922 133.483
  923 81.921
  924 69.5267
  925 138.013
  926 148.914
  927 124.278
  928 110.543
  929 105.684
  930 166.247
  931 179.245
  932 108.027
  933 100.993
  934 144.369
  935 138.0
  936 122.405
  937 165.673
  938 162.542
  939 111.464
  940 139.921
  941 178.595
  942 156.031
  943 143.713
  944 134.224
  945 103.101
  946 80.8905
  947 80.5542
  948 163.402
  949 177.366
  950 132.302
  951 152.151
  952 99.356
  953 90.013
  954 121.126
  955 133.355
  956 122.271
  957 146.838
  958 201.73
  959 185.28
  960 154.439
  961 143.782
  962 136.87
  963 135.516
  964 159.109
  965 182.132
  966 215.913
  967 204.213
  968 169.04
  969 146.031
  970 147.644
  971 144.85
  972 151.746
  973 192.623
  974 188.535
  975 139.5
  976 108.935
  977 121.222
  978 165.016
  979 219.967
  980 188.362
  981 165.02
  982 149.031
  983 162.056
  984 197.98
  985 184.392
  986 171.787
  987 114.199
  988 121.258
  989 136.617
  990 142.56
  991 169.649
  992 163.583
  993 154.416
  994 217.438
  995 254.686
  996 233.049
  997 211.275
  998 194.52
  999 192.461
 1000 184.945
 1001 160.322
 1002 134.424
 1003 104.781
 1004 120.794
 1005 166.894
 1006 173.309
 1007 214.311
 1008 231.749
 1009 203.111
 1010 190.865
 1011 162.538
 1012 21.3071
 1013 -0.00161451
 1014 -0.0120605
 1015 -0.000452522
 1016 0.00203503
 1017 -0.00178536
 1018 0.00507251
 1019 0.00316086
 1020 -0.00215158
 1021 0.00242876
 1022 6.44611
 1023 775.839
 1024 198.88
 1025 163.182
 1026 269.611
 1027 246.276
 1028 219.024
 1029 103.914
 1030 205.169
 1031 237.791
 1032 168.649
 1033 233.257
 1034 207.106
 1035 205.966
 1036 179.825
 1037 276.077
 1038 195.167
 1039 214.964
 1040 327.739
 1041 265.385
 1042 135.151
 1043 143.734
 1044 246.785
 1045 244.365
 1046 147.724
 1047 152.675
 1048 191.273
 1049 204.397
 1050 262.964
 1051 244.739
 1052 282.924
 1053 266.612
 1054 219.178
 1055 234.425
 1056 219.654
 1057 211.29
 1058 235.508
 1059 165.688
 1060 133.419
 1061 174.129
 1062 176.743
 1063 197.783
 1064 238.207
 1065 221.357
 1066 254.134
 1067 154.495
 1068 120.064
 1069 84.8636
 1070 123.871
 1071 202.048
 1072 253.503
 1073 227.037
 1074 235.92
 1075 233.763
 1076 201.833
 1077 201.258
 1078 288.89
 1079 313.688
 1080 254.125
 1081 191.19
 1082 219.478
 1083 287.434
 1084 331.927
 1085 277.72
 1086 328.627
 1087 301.896
 1088 212.522
 1089 155.333
 1090 161.011
 1091 213.894
 1092 216.412
 1093 263.285
 1094 208.684
 1095 226.118
 1096 281.738
 1097 288.327
 1098 364.613
 1099 263.182
 1100 235.662
 1101 212.204
 1102 252.638
 1103 322.476
 1104 324.393
 1105 249.354
 1106 255.98
 1107 253.887
 1108 249.787
 1109 299.213
 1110 255.497
 1111 238.485
 1112 348.689
 1113 386.106
 1114 319.443
 1115 209.395
 1116 303.695
 1117 357.139
 1118 204.122
 1119 368.763
 1120 320.569
 1121 257.512
 1122 420.347
 1123 348.557
 1124 312.002
 1125 332.1
 1126 292.789
 1127 379.931
 1128 321.12
 1129 251.398
 1130 321.625
 1131 441.67
 1132 340.591
 1133 309.753
 1134 270.555
 1135 250.517
 1136 300.245
 1137 364.235
 1138 376.711
 1139 397.773
 1140 414.864
 1141 395.82
 1142 397.372
 1143 430.754
 1144 350.74
 1145 486.277
 1146 433.149
 1147 426.602
 1148 324.67
 1149 359.862
 1150 380.239
 1151 506.821
 1152 525.234
 1153 428.448
 1154 479.747
 1155 481.849
 1156 449.18
 1157 294.65
 1158 477.09
 1159 581.838
 1160 263.761
 1161 505.019
 1162 497.199
 1163 400.114
 1164 458.759
 1165 437.901
 1166 500.771
 1167 361.24
 1168 393.182
 1169 402.228
 1170 371.791
 1171 404.436
 1172 518.119
 1173 530.277
 1174 352.792
 1175 376.588
 1176 433.927
 1177 486.32
 1178 576.042
 1179 446.582
 1180 448.973
 1181 545.268
 1182 506.655
 1183 365.911
 1184 403.503
 1185 442.572
 1186 405.188
 1187 420.951
 1188 380.207
 1189 364.357
 1190 575.118
 1191 479.569
 1192 525.575
 1193 406.728
 1194 366.415
 1195 342.27
 1196 392.758
 1197 429.035
 1198 427.714
 1199 350.035
 1200 386.609
 1201 679.534
 1202 442.541
 1203 431.459
 1204 427.655
 1205 442.247
 1206 413.758
 1207 498.69
 1208 559.879
 1209 419.433
 1210 559.037
 1211 507.434
 1212 373.724
 1213 409.687
 1214 396.513
 1215 453.634
 1216 359.344
 1217 368.757
 1218 554.279
 1219 419.009
 1220 397.864
 1221 460.097
 1222 561.912
 1223 284.555
 1224 395.74
 1225 470.779
 1226 514.415
 1227 564.357
 1228 534.571
 1229 511.407
 1230 517.849
 1231 515.007
 1232 544.855
 1233 596.352
 1234 479.613
 1235 463.524
 1236 559.12
 1237 626.189
 1238 378.591
 1239 391.449
 1240 469.814
 1241 505.986
 1242 568.281
 1243 495.054
 1244 459.913
 1245 500.768
 1246 471.466
 1247 483.609
 1248 497.349
 1249 464.251
 1250 418.958
 1251 533.68
 1252 457.076
 1253 452.191
 1254 567.594
 1255 494.295
 1256 517.888
 1257 491.113
 1258 391.018
 1259 418.996
 1260 508.035
 1261 584.204
 1262 509.646
 1263 545.789
 1264 460.792
 1265 461.901
 1266 505.667
 1267 432.873
 1268 504.185
 1269 522.303
 1270 554.439
 1271 474.415
 1272 514.08
 1273 518.7
 1274 458.821
 1275 446.885
 1276 513.398
 1277 531.834
 1278 547.736
 1279 529.7
 1280 473.94
 1281 389.36
 1282 385.101
 1283 508.658
 1284 488.667
 1285 464.48
 1286 420.142
 1287 425.575
 1288 452.863
 1289 561.762
 1290 633.783
 1291 513.03
 1292 465.748
 1293 406.306
 1294 440.812
 1295 438.348
 1296 384.127
 1297 512.536
 1298 466.158
 1299 434.495
 1300 516.336
 1301 640.654
 1302 539.623
 1303 481.218
 1304 489.262
 1305 486.736
 1306 502.642
 1307 513.546
 1308 501.523
 1309 492.77
 1310 513.672
 1311 501.495
 1312 485.995
 1313 527.91
 1314 585.992
 1315 510.824
 1316 474.573
 1317 565.498
 1318 546.2
 1319 424.979
 1320 482.65
 1321 479.501
 1322 510.201
 1323 559.712
 1324 600.476
 1325 584.62
 1326 540.604
 1327 534.555
 1328 528.841
 1329 474.699
 1330 451.568
 1331 514.516
 1332 542.263
 1333 564.418
 1334 547.059
 1335 505.445
 1336 577.316
 1337 611.647
 1338 512.052
 1339 523.57
 1340 610.804
 1341 628.616
 1342 508.064
 1343 527.414
 1344 517.584
 1345 627.765
 1346 666.481
 1347 602.451
 1348 602.889
 1349 514.289
 1350 569.959
 1351 728.641
 1352 711.789
 1353 659.062
 1354 576.878
 1355 525.264
 1356 534.417
 1357 542.117
 1358 549.852
 1359 597.554
 1360 516.009
 1361 574.095
 1362 555.247
 1363 566.795
 1364 404.902
 1365 229.602
 1366 216.765
 1367 371.804
 1368 304.005
 1369 482.3
 1370 558.783
 1371 563.105
 1372 508.912
 1373 568.558
 1374 462.269
 1375 367.43
 1376 359.518
 1377 279.026
 1378 302.27
 1379 500.566
 1380 658.76
 1381 577.007
 1382 435.53
 1383 580.408
 1384 532.219
 1385 471.717
 1386 685.29
 1387 715.975
 1388 578.604
 1389 623.876
 1390 602.367
 1391 541.916
 1392 524.088
 1393 511.467
 1394 558.654
 1395 532.81
 1396 587.657
 1397 572.827
 1398 598.695
 1399 673.685
 1400 575.057
 1401 678.314
 1402 700.909
 1403 521.045
 1404 466.185
 1405 594.669
 1406 600.281
 1407 679.48
 1408 705.77
 1409 745.534
 1410 590.461
 1411 662.764
 1412 690.986
 1413 670.143
 1414 706.137
 1415 629.817
 1416 661.485
 1417 513.747
 1418 552.772
 1419 584.696
 1420 750.272
 1421 664.671
 1422 613.328
 1423 613.918
 1424 728.333
 1425 762.273
 1426 808.986
 1427 799.534
 1428 570.778
 1429 662.151
 1430 787.595
 1431 859.504
 1432 639.965
 1433 566.689
 1434 614.942
 1435 690.791
 1436 689.659
 1437 725.368
 1438 682.204
 1439 706.496
 1440 791.025
 1441 765.844
 1442 722.043
 1443 623.721
 1444 813.859
 1445 814.487
 1446 720.183
 1447 738.695
 1448 675.802
 1449 774.945
 1450 788.098
 1451 623.178
 1452 536.939
 1453 722.843
 1454 575.941
 1455 729.827
 1456 726.431
 1457 740.094
 1458 797.005
 1459 511.118
 1460 551.062
 1461 699.575
 1462 985.182
 1463 972.824
 1464 765.437
 1465 705.352
 1466 793.814
 1467 793.548
 1468 791.143
 1469 831.646
 1470 695.889
 1471 825.807
 1472 803.117
 1473 863.249
 1474 688.148
 1475 615.936
 1476 793.128
 1477 617.409
 1478 761.95
 1479 795.309
 1480 959.354
 1481 786.358
 1482 703.99
 1483 936.023
 1484 974.776
 1485 958.37
 1486 796.572
 1487 817.173
 1488 711.99
 1489 905.289
 1490 839.53
 1491 917.414
 1492 787.828
 1493 823.112
 1494 703.629
 1495 744.427
 1496 967.286
 1497 789.893
 1498 770.25
 1499 809.532
 1500 664.52
 1501 827.082
 1502 842.31
 1503 789.024
 1504 790.872
 1505 1052.69
 1506 873.983
 1507 810.204
 1508 824.065
 1509 790.023
 1510 826.613
 1511 928.679
 1512 899.733
 1513 825.179
 1514 752.886
 1515 796.904
 1516 874.71
 1517 908.981
 1518 777.664
 1519 820.399
 1520 894.789
 1521 880.921
 1522 745.314
 1523 736.44
 1524 830.88
 1525 879.722
 1526 1040.3
 1527 1006.22
 1528 752.186
 1529 747.0
 1530 797.918
 1531 828.32
 1532 884.149
 1533 890.418
 1534 707.216
 1535 995.366
 1536 868.556
 1537 933.481
 1538 930.25
 1539 843.243
 1540 812.379
 1541 892.568
 1542 1051.13
 1543 877.052
 1544 782.091
 1545 761.4
 1546 853.044
 1547 844.475
 1548 822.376
 1549 771.441
 1550 864.834
 1551 872.068
 1552 852.595
 1553 946.777
 1554 859.338
 1555 749.059
 1556 868.027
 1557 853.73
 1558 754.556
 1559 769.002
 1560 908.711
 1561 913.928
 1562 774.698
 1563 853.314
 1564 909.864
 1565 943.542
 1566 965.813
 1567 831.55
 1568 904.633
 1569 922.122
 1570 850.514
 1571 914.033
 1572 879.601
 1573 835.029
 1574 805.879
 1575 822.861
 1576 720.045
 1577 806.964
 1578 991.663
 1579 992.881
 1580 831.321
 1581 786.442
 1582 833.373
 1583 863.386
 1584 991.471
 1585 969.984
 1586 966.945
 1587 881.645
 1588 847.342
 1589 897.127
 1590 990.993
 1591 1001.63
 1592 928.439
 1593 867.736
 1594 850.239
 1595 896.857
 1596 919.753
 1597 933.228
 1598 950.214
 1599 809.422
 1600 795.707
 1601 929.197
 1602 1006.07
 1603 868.852
 1604 901.747
 1605 858.627
 1606 876.059
 1607 908.791
 1608 897.693
 1609 929.228
 1610 989.528
 1611 936.463
 1612 882.613
 1613 866.432
 1614 1113.77
 1615 1022.42
 1616 1181.93
 1617 1085.93
 1618 932.926
 1619 892.956
 1620 892.222
 1621 893.58
 1622 1009.03
 1623 1093.46
 1624 1111.09
 1625 931.55
 1626 770.908
 1627 873.47
 1628 989.494
 1629 863.668
 1630 829.341
 1631 878.544
 1632 993.48
 1633 987.734
 1634 1085.01
 1635 819.03
 1636 1002.88
 1637 1038.74
 1638 922.839
 1639 997.972
 1640 964.509
 1641 966.358
 1642 918.654
 1643 930.638
 1644 995.883
 1645 1019.77
 1646 1110.31
 1647 1145.8
 1648 1188.67
 1649 1105.6
 1650 1049.86
 1651 1008.85
 1652 1060.28
 1653 1170.81
 1654 946.798
 1655 941.569
 1656 941.778
 1657 1040.39
 1658 1132.02
 1659 1085.84
 1660 1146.72
 1661 1059.82
 1662 1064.47
 1663 1041.23
 1664 1116.91
 1665 1081.8
 1666 1041.8
 1667 1051.08
 1668 1043.74
 1669 1131.1
 1670 1284.29
 1671 1029.72
 1672 926.444
 1673 987.295
 1674 1077.5
 1675 987.964
 1676 980.575
 1677 1075.55
 1678 1251.75
 1679 1104.02
 1680 944.385
 1681 1076.0
 1682 1038.84
 1683 1003.3
 1684 1155.11
 1685 1137.53
 1686 967.979
 1687 1110.26
 1688 991.685
 1689 1205.69
 1690 1044.67
 1691 1025.07
 1692 1133.4
 1693 1014.06
 1694 925.268
 1695 893.299
 1696 1187.75
 1697 1073.13
 1698 1157.11
 1699 1061.06
 1700 1333.21
 1701 1160.62
 1702 1023.74
 1703 1032.5
 1704 1230.03
 1705 1019.51
 1706 1094.34
 1707 1208.05
 1708 935.57
 1709 1029.12
 1710 1136.14
 1711 1074.72
 1712 1228.13
 1713 1218.93
 1714 1128.83
 1715 1099.5
 1716 1392.71
 1717 1194.98
 1718 1412.4
 1719 1061.42
 1720 1128.31
 1721 1210.17
 1722 1273.78
 1723 971.597
 1724 961.827
 1725 1164.8
 1726 1057.59
 1727 1201.55
 1728 1415.07
 1729 1117.99
 1730 1187.45
 1731 1300.8
 1732 1157.74
 1733 1291.25
 1734 1084.94
 1735 1273.41
 1736 1268.32
 1737 1198.13
 1738 1104.07
 1739 1103.18
 1740 1214.55
 1741 968.937
 1742 1060.96
 1743 1135.27
 1744 1160.23
 1745 1324.75
 1746 1108.52
 1747 973.605
 1748 1059.21
 1749 1166.19
 1750 1257.36
 1751 1132.69
 1752 1033.06
 1753 1023.31
 1754 1218.04
 1755 1074.48
 1756 1195.52
 1757 946.23
 1758 1137.45
 1759 1028.55
 1760 1140.55
 1761 1210.72
 1762 1227.15
 1763 1115.96
 1764 1079.45
 1765 1396.9
 1766 1358.03
 1767 1350.2
 1768 1282.78
 1769 1235.16
 1770 1232.53
 1771 1226.15
 1772 1363.97
 1773 1228.31
 1774 1223.51
 1775 1209.78
 1776 1095.23
 1777 1159.85
 1778 1138.37
 1779 1226.6
 1780 1404.6
 1781 1386.93
 1782 1117.5
 1783 1219.06
 1784 1231.68
 1785 1286.28
 1786 1335.92
 1787 1226.47
 1788 1345.84
 1789 1213.08
 1790 1200.89
 1791 1115.88
 1792 1261.18
 1793 1216.9
 1794 1234.7
 1795 1232.22
 1796 1270.52
 1797 1364.58
 1798 1180.76
 1799 1226.04
 1800 1402.18
 1801 1319.65
 1802 1150.18
 1803 1108.22
 1804 1327.05
 1805 1441.1
 1806 1166.84
 1807 1156.73
 1808 1326.51
 1809 1341.31
 1810 1260.12
 1811 1384.66
 1812 1345.13
 1813 1264.24
 1814 1286.77
 1815 1248.22
 1816 1277.37
 1817 1197.27
 1818 1330.42
 1819 1284.53
 1820 1183.7
 1821 1199.03
 1822 1188.05
 1823 1262.38
 1824 1197.95
 1825 1338.99
 1826 1531.25
 1827 1353.56
 1828 1245.68
 1829 1247.01
 1830 1342.04
 1831 1392.62
 1832 1425.38
 1833 1329.78
 1834 1353.22
 1835 1180.23
 1836 1289.41
 1837 1358.78
 1838 1467.46
 1839 1286.54
 1840 1481.25
 1841 1289.82
 1842 1268.19
 1843 1306.44
 1844 1194.26
 1845 1433.08
 1846 1354.18
 1847 1382.23
 1848 1446.32
 1849 1415.76
 1850 1253.92
 1851 1275.45
 1852 1448.08
 1853 1393.78
 1854 1400.98
 1855 1400.97
 1856 1405.29
 1857 1300.54
 1858 1260.31
 1859 1363.06
 1860 1431.02
 1861 1413.54
 1862 1383.97
 1863 1347.82
 1864 1304.0
 1865 1373.41
 1866 1333.44
 1867 1252.54
 1868 1437.37
 1869 1405.84
 1870 1358.52
 1871 1399.48
 1872 1355.37
 1873 1482.19
 1874 1533.39
 1875 1412.7
 1876 1324.48
 1877 1439.17
 1878 1331.03
 1879 1540.33
 1880 2000.06
 1881 1498.84
 1882 1443.16
 1883 1405.63
 1884 1301.03
 1885 1567.9
 1886 1481.91
 1887 1386.94
 1888 1296.46
 1889 1497.38
 1890 1608.68
 1891 1572.84
 1892 1561.02
 1893 1434.85
 1894 1528.44
 1895 1478.69
 1896 1563.14
 1897 1253.44
 1898 1357.7
 1899 1653.98
 1900 1600.07
 1901 1423.99
 1902 1454.42
 1903 1419.01
 1904 1545.94
 1905 1604.22
 1906 1855.39
 1907 1509.0
 1908 1512.56
 1909 1401.49
 1910 1442.91
 1911 1643.67
 1912 1486.11
 1913 1408.43
 1914 1477.39
 1915 1424.7
 1916 1514.83
 1917 1487.38
 1918 1398.26
 1919 1452.91
 1920 1628.62
 1921 1540.57
 1922 1643.1
 1923 1597.37
 1924 1446.88
 1925 1592.42
 1926 1625.44
 1927 1407.85
 1928 1386.41
 1929 1331.59
 1930 1296.18
 1931 1408.58
 1932 1533.42
 1933 1496.3
 1934 1558.49
 1935 1505.57
 1936 1549.79
 1937 1711.14
 1938 1819.64
 1939 1801.11
 1940 1725.4
 1941 1702.57
 1942 1718.57
 1943 1697.04
 1944 1475.75
 1945 1428.55
 1946 1504.93
 1947 1751.14
 1948 1762.72
 1949 1557.84
 1950 1615.02
 1951 1591.15
 1952 1451.36
 1953 1575.46
 1954 1640.2
 1955 1592.64
 1956 1619.42
 1957 1723.81
 1958 1633.91
 1959 1569.55
 1960 1534.24
 1961 1647.43
 1962 1720.69
 1963 1710.72
 1964 1596.72
 1965 1527.56
 1966 1562.64
 1967 1637.35
 1968 1623.08
 1969 1891.98
 1970 1638.93
 1971 1609.19
 1972 1543.75
 1973 1572.84
 1974 1720.53
 1975 1637.02
 1976 1613.76
 1977 1615.21
 1978 1674.12
 1979 1929.29
 1980 1767.01
 1981 1677.51
 1982 1693.59
 1983 1848.26
 1984 1936.94
 1985 1702.22
 1986 1644.9
 1987 1627.21
 1988 1779.55
 1989 1513.65
 1990 1743.16
 1991 1502.28
 1992 1653.96
 1993 1692.45
 1994 1682.39
 1995 1694.15
 1996 1667.08
 1997 1717.63
 1998 1646.32
 1999 1770.64
 2000 1820.87
 2001 1666.59
 2002 1770.64
 2003 1570.29
 2004 1540.0
 2005 1644.45
 2006 1747.94
 2007 1792.7
 2008 1872.83
 2009 1582.1
 2010 1970.98
 2011 1541.13
 2012 1671.81
 2013 1700.46
 2014 1558.75
 2015 1869.82
 2016 1661.91
 2017 1720.6
 2018 1632.77
 2019 1734.12
 2020 1668.35
 2021 1666.05
 2022 1827.25
 2023 1674.81
 2024 1701.45
 2025 1595.65
 2026 1615.83
 2027 1726.81
 2028 1713.58
 2029 1831.29
 2030 1617.9
 2031 1624.93
 2032 1643.61
 2033 1687.14
 2034 1741.09
 2035 1625.44
 2036 1677.81
 2037 1898.09
 2038 1941.61
 2039 1816.81
 2040 1636.53
 2041 1696.72
 2042 1864.14
 2043 1735.61
 2044 1655.58
 2045 1667.13
 2046 1592.65
 2047 1618.04
 2048 792.811
 2049 0.00530307
 2050 552.14
 2051 1720.31
 2052 1827.9
 2053 1846.45
 2054 1750.5
 2055 1824.29
 2056 1829.96
 2057 1870.52
 2058 1908.56
 2059 1809.46
 2060 1861.8
 2061 1856.37
 2062 1748.42
 2063 1702.84
 2064 1669.04
 2065 1711.7
 2066 1723.35
 2067 2027.03
 2068 1886.51
 2069 1858.46
 2070 1899.92
 2071 1888.72
 2072 1705.11
 2073 1644.33
 2074 1657.79
 2075 1744.35
 2076 1675.47
 2077 1811.8
 2078 1844.81
 2079 1661.62
 2080 1651.96
 2081 1700.01
 2082 1612.76
 2083 1697.04
 2084 1646.07
 2085 1774.59
 2086 1742.71
 2087 1756.14
 2088 1843.04
 2089 1620.97
 2090 1793.67
 2091 1910.98
 2092 1685.1
 2093 1731.26
 2094 1770.53
 2095 1785.25
 2096 1671.96
 2097 1768.02
 2098 1729.72
 2099 1686.44
 2100 1769.58
 2101 1872.08
 2102 1900.26
 2103 1849.15
 2104 1757.97
 2105 1654.17
 2106 1588.26
 2107 1607.0
 2108 1750.12
 2109 1868.08
 2110 1723.41
 2111 1717.88
 2112 1734.31
 2113 1731.86
 2114 1691.42
 2115 1732.54
 2116 1697.41
 2117 1622.04
 2118 1628.06
 2119 1728.67
 2120 1758.59
 2121 1667.65
 2122 1618.66
 2123 1641.67
 2124 1744.95
 2125 1770.69
 2126 1859.34
 2127 1762.85
 2128 1769.41
 2129 1687.11
 2130 1633.04
 2131 1637.86
 2132 1646.77
 2133 1553.83
 2134 1619.13
 2135 1624.27
 2136 1593.36
 2137 1688.94
 2138 1706.74
 2139 1734.48
 2140 1645.68
 2141 1701.97
 2142 1710.56
 2143 1806.99
 2144 1874.18
 2145 1808.46
 2146 1668.35
 2147 1708.52
 2148 1757.37
 2149 1756.42
 2150 1744.06
 2151 1683.01
 2152 1740.89
 2153 1744.88
 2154 1695.99
 2155 1652.03
 2156 1793.4
 2157 1604.69
 2158 1606.92
 2159 1287.08
 2160 1179.6
 2161 1222.32
 2162 1225.88
 2163 1373.08
 2164 1437.39
 2165 1373.2
 2166 1449.79
 2167 1475.15
 2168 1521.06
 2169 1646.59
 2170 1591.39
 2171 1575.49
 2172 1416.35
 2173 1388.67
 2174 1535.5
 2175 1536.27
 2176 1375.96
 2177 1394.52
 2178 1492.73
 2179 1492.8
 2180 1403.49
 2181 1540.93
 2182 1650.52
 2183 1682.24
 2184 1788.25
 2185 1666.06
 2186 1590.84
 2187 1578.93
 2188 1554.45
 2189 1606.07
 2190 1680.3
 2191 1714.76
 2192 1754.01
 2193 1778.07
 2194 1706.78
 2195 1635.79
 2196 1630.84
 2197 1745.82
 2198 1652.37
 2199 1592.07
 2200 1603.07
 2201 1573.27
 2202 1597.42
 2203 1597.15
 2204 1600.46
 2205 1692.71
 2206 1716.82
 2207 1655.32
 2208 1684.02
 2209 1799.14
 2210 1764.93
 2211 1725.72
 2212 1683.42
 2213 1728.85
 2214 1756.72
 2215 1761.08
 2216 1709.44
 2217 1760.71
 2218 1836.07
 2219 1800.33
 2220 1835.45
 2221 1896.71
 2222 1711.53
 2223 1759.17
 2224 1758.61
 2225 1749.72
 2226 1793.67
 2227 1777.04
 2228 1746.06
 2229 1841.6
 2230 1764.92
 2231 1815.79
 2232 1887.69
 2233 1864.41
 2234 1685.89
 2235 1752.86
 2236 1885.56
 2237 1896.76
 2238 1852.67
 2239 1750.64
 2240 1782.94
 2241 1783.49
 2242 1723.84
 2243 1807.34
 2244 1834.56
 2245 1901.9
 2246 1871.05
 2247 1923.52
 2248 1987.21
 2249 1833.68
 2250 1660.64
 2251 1633.88
 2252 1716.63
 2253 1794.81
 2254 1828.6
 2255 1858.81
 2256 1886.84
 2257 1864.38
 2258 1936.22
 2259 1836.53
 2260 1761.93
 2261 1790.37
 2262 1826.88
 2263 1957.46
 2264 1863.25
 2265 1769.3
 2266 1818.38
 2267 1916.24
 2268 1831.52
 2269 1724.46
 2270 1683.95
 2271 1704.59
 2272 1708.68
 2273 1810.89
 2274 1903.24
 2275 1876.75
 2276 1742.03
 2277 1759.49
 2278 1888.04
 2279 1995.44
 2280 2091.01
 2281 1961.65
 2282 1815.02
 2283 1811.03
 2284 1898.37
 2285 1978.62
 2286 2052.76
 2287 1981.13
 2288 1909.28
 2289 1834.87
 2290 1775.82
 2291 1779.17
 2292 1874.37
 2293 1965.82
 2294 2013.44
 2295 1816.54
 2296 1843.94
 2297 1752.32
 2298 1777.58
 2299 1853.82
 2300 1745.46
 2301 1878.66
 2302 1943.12
 2303 1830.64
 2304 1887.28
 2305 1786.73
 2306 1718.94
 2307 1749.13
 2308 1708.83
 2309 1792.83
 2310 1768.67
 2311 1783.41
 2312 1953.15
 2313 1757.84
 2314 1970.88
 2315 1936.62
 2316 2024.57
 2317 1979.4
 2318 1860.95
 2319 1884.73
 2320 2034.68
 2321 1898.58
 2322 1855.36
 2323 1766.81
 2324 1791.53
 2325 1897.62
 2326 1847.8
 2327 1818.35
 2328 1770.89
 2329 1949.11
 2330 1906.93
 2331 1865.7
 2332 1753.47
 2333 1782.11
 2334 1950.5
 2335 1951.1
 2336 1871.73
 2337 1878.77
 2338 1865.24
 2339 1880.43
 2340 1858.13
 2341 1819.63
 2342 1881.67
 2343 1794.43
 2344 1876.05
 2345 1923.5
 2346 1844.31
 2347 1849.62
 2348 1813.06
 2349 1840.68
 2350 1907.28
 2351 1799.99
 2352 1758.95
 2353 1920.94
 2354 1982.0
 2355 2054.72
 2356 1935.54
 2357 1995.04
 2358 1961.64
 2359 2061.06
 2360 1929.38
 2361 1817.15
 2362 1819.74
 2363 1911.86
 2364 1893.86
 2365 1775.16
 2366 1755.18
 2367 1814.11
 2368 1942.46
 2369 1769.1
 2370 1664.2
 2371 1692.33
 2372 1802.78
 2373 1805.58
 2374 1948.98
 2375 1960.32
 2376 2055.46
 2377 1829.23
 2378 1832.78
 2379 1890.47
 2380 1966.21
 2381 1889.95
 2382 1791.38
 2383 1810.05
 2384 1850.23
 2385 1760.78
 2386 1808.71
 2387 1838.18
 2388 1933.13
 2389 1857.85
 2390 1967.53
 2391 1841.99
 2392 1723.73
 2393 1787.27
 2394 1770.66
 2395 1770.26
 2396 1882.38
 2397 1945.13
 2398 1915.22
 2399 1869.38
 2400 1833.67
 2401 1874.07
 2402 1905.85
 2403 1788.34
 2404 1848.19
 2405 1852.73
 2406 1797.45
 2407 1801.09
 2408 1737.29
 2409 1793.34
 2410 1817.26
 2411 1860.55
 2412 1846.28
 2413 1847.42
 2414 1975.94
 2415 1902.25
 2416 1856.54
 2417 1908.52
 2418 2011.22
 2419 1961.89
 2420 1753.12
 2421 1717.64
 2422 1795.09
 2423 1885.02
 2424 1871.18
 2425 1833.92
 2426 1932.23
 2427 1937.26
 2428 1914.95
 2429 1738.72
 2430 1873.78
 2431 2206.99
 2432 2157.43
 2433 1699.49
 2434 1870.04
 2435 1895.49
 2436 1934.5
 2437 1277.36
 2438 1738.99
 2439 1874.46
 2440 1816.78
 2441 1821.76
 2442 1948.59
 2443 1957.34
 2444 1822.16
 2445 1922.36
 2446 1794.1
 2447 1816.93
 2448 1775.12
 2449 1952.47
 2450 1945.58
 2451 1885.47
 2452 2088.94
 2453 1910.38
 2454 1847.69
 2455 1840.88
 2456 1832.2
 2457 2026.29
 2458 2290.84
 2459 2049.81
 2460 2027.62
 2461 1798.97
 2462 1822.17
 2463 1814.44
 2464 1857.85
 2465 1833.63
 2466 1868.66
 2467 1977.56
 2468 1978.61
 2469 2018.64
 2470 1832.66
 2471 2001.38
 2472 2019.5
 2473 1920.06
 2474 1901.27
 2475 2000.32
 2476 1927.79
 2477 1849.35
 2478 1796.33
 2479 1804.92
 2480 1875.34
 2481 1897.06
 2482 1948.45
 2483 1969.85
 2484 2070.62
 2485 1993.89
 2486 2065.77
 2487 2066.72
 2488 1902.8
 2489 1786.17
 2490 1831.9
 2491 1859.73
 2492 2077.14
 2493 2222.86
 2494 1891.55
 2495 1866.58
 2496 1862.52
 2497 1885.05
 2498 1997.78
 2499 1878.54
 2500 1898.44
 2501 2031.72
 2502 1821.67
 2503 1914.68
 2504 1977.36
 2505 1924.87
 2506 2031.85
 2507 2110.05
 2508 1881.54
 2509 1877.14
 2510 1802.11
 2511 1924.49
 2512 1936.55
 2513 1797.93
 2514 1743.79
 2515 1758.86
 2516 1903.64
 2517 1947.25
 2518 1942.34
 2519 1867.96
 2520 1957.58
 2521 2047.51
 2522 2032.24
 2523 1922.21
 2524 1929.78
 2525 1926.93
 2526 2031.17
 2527 1840.76
 2528 1858.12
 2529 2165.72
 2530 2039.34
 2531 1874.72
 2532 2061.63
 2533 1868.18
 2534 1840.76
 2535 2031.43
 2536 1896.95
 2537 1849.53
 2538 1932.17
 2539 1968.15
 2540 1978.52
 2541 2064.34
 2542 1893.48
 2543 2049.96
 2544 1943.53
 2545 1890.41
 2546 1868.38
 2547 2084.43
 2548 1861.73
 2549 1765.56
 2550 1866.8
 2551 2002.66
 2552 1799.43
 2553 1698.99
 2554 1626.86
 2555 1852.88
 2556 2251.47
 2557 1733.6
 2558 1960.15
 2559 1774.91
 2560 1816.14
 2561 1742.47
 2562 1943.11
 2563 2011.66
 2564 2064.09
 2565 1845.22
 2566 1897.45
 2567 1927.43
 2568 1949.08
 2569 1925.38
 2570 1962.4
 2571 1932.81
 2572 1908.55
 2573 1989.33
 2574 1932.91
 2575 1959.04
 2576 2154.93
 2577 1890.21
 2578 1869.47
 2579 1794.56
 2580 1825.22
 2581 1931.17
 2582 2111.84
 2583 1992.55
 2584 1886.42
 2585 1804.74
 2586 1831.38
 2587 1883.76
 2588 1727.3
 2589 1765.52
 2590 1745.91
 2591 1775.13
 2592 1969.43
 2593 1923.23
 2594 1883.65
 2595 1938.23
 2596 1811.26
 2597 1778.23
 2598 1906.53
 2599 1805.96
 2600 1705.46
 2601 1939.28
 2602 2211.29
 2603 2117.08
 2604 1880.69
 2605 2168.73
 2606 2003.17
 2607 1812.47
 2608 1973.66
 2609 1819.6
 2610 1892.08
 2611 1941.68
 2612 2037.74
 2613 1782.72
 2614 1735.04
 2615 1946.41
 2616 1821.41
 2617 2108.9
 2618 2015.57
 2619 1862.77
 2620 2107.98
 2621 2147.49
 2622 1948.72
 2623 1821.34
 2624 1828.72
 2625 1798.98
 2626 1823.85
 2627 1849.86
 2628 1833.53
 2629 1852.87
 2630 1913.2
 2631 1901.81
 2632 2080.26
 2633 1940.86
 2634 1756.33
 2635 1765.0
 2636 1779.02
 2637 1805.62
 2638 1795.59
 2639 1755.93
 2640 1812.88
 2641 1792.27
 2642 1883.93
 2643 1972.03
 2644 1854.26
 2645 1653.25
 2646 1783.46
 2647 1791.81
 2648 2070.72
 2649 1907.27
 2650 1754.74
 2651 1878.42
 2652 2073.88
 2653 1978.74
 2654 1983.9
 2655 2061.05
 2656 2086.96
 2657 2120.14
 2658 2130.85
 2659 1767.62
 2660 1865.3
 2661 1903.43
 2662 2049.59
 2663 2005.47
 2664 2159.03
 2665 1837.09
 2666 1803.02
 2667 1867.02
 2668 1786.32
 2669 1860.85
 2670 1892.11
 2671 1785.6
 2672 1870.7
 2673 1922.96
 2674 1978.49
 2675 1816.16
 2676 1739.24
 2677 1698.29
 2678 1863.63
 2679 1861.08
 2680 1763.06
 2681 1824.09
 2682 1795.23
 2683 1753.57
 2684 1797.44
 2685 1930.9
 2686 1891.06
 2687 1893.76
 2688 1803.71
 2689 1791.63
 2690 1964.31
 2691 2016.3
 2692 1723.08
 2693 1541.8
 2694 1246.27
 2695 963.448
 2696 834.879
 2697 702.394
 2698 592.624
 2699 524.747
 2700 544.318
 2701 522.51
 2702 426.784
 2703 403.138
 2704 493.235
 2705 463.893
 2706 598.692
 2707 678.624
 2708 813.289
 2709 1063.13
 2710 1200.58
 2711 1370.66
 2712 1345.78
 2713 1412.54
 2714 1186.54
 2715 1066.07
 2716 1084.11
 2717 1004.8
 2718 861.679
 2719 967.047
 2720 863.105
 2721 832.166
 2722 880.73
 2723 992.161
 2724 969.436
 2725 1009.4
 2726 1044.13
 2727 1059.12
 2728 1083.05
 2729 1107.17
 2730 1095.64
 2731 1080.66
 2732 1264.53
 2733 1274.29
 2734 1184.23
 2735 1283.11
 2736 1355.4
 2737 1301.04
 2738 1408.03
 2739 1505.78
 2740 1482.19
 2741 1464.55
 2742 1519.89
 2743 1573.72
 2744 1520.91
 2745 1511.61
 2746 1516.91
 2747 1573.86
 2748 1720.68
 2749 1750.85
 2750 1653.7
 2751 1673.65
 2752 1740.12
 2753 1580.61
 2754 1551.3
 2755 1601.11
 2756 1737.52
 2757 1854.13
 2758 1682.11
 2759 1845.8
 2760 1680.2
 2761 1745.19
 2762 1734.31
 2763 1777.99
 2764 1720.06
 2765 1827.83
 2766 1912.22
 2767 1925.69
 2768 1859.61
 2769 1670.07
 2770 1664.43
 2771 1883.94
 2772 1897.35
 2773 1818.73
 2774 1839.47
 2775 1824.35
 2776 1794.88
 2777 1771.46
 2778 1713.32
 2779 1830.19
 2780 1675.78
 2781 1760.52
 2782 1822.36
 2783 1798.53
 2784 1841.35
 2785 1809.67
 2786 1919.56
 2787 2076.36
 2788 2155.25
 2789 1840.97
 2790 1779.46
 2791 1913.85
 2792 1823.81
 2793 1835.19
 2794 1699.6
 2795 1688.8
 2796 1996.39
 2797 1870.72
 2798 1854.25
 2799 1823.55
 2800 1750.39
 2801 1918.98
 2802 2056.57
 2803 2179.09
 2804 1868.45
 2805 1666.54
 2806 1687.75
 2807 1750.83
 2808 1843.45
 2809 1537.63
 2810 1473.17
 2811 1432.71
 2812 1896.15
 2813 1834.98
 2814 1784.25
 2815 1931.22
 2816 1630.3
 2817 1619.93
 2818 1708.88
 2819 1570.83
 2820 1659.05
 2821 1580.39
 2822 1659.61
 2823 1770.16
 2824 1726.93
 2825 1755.79
 2826 1827.84
 2827 1853.32
 2828 1939.2
 2829 1839.24
 2830 1787.2
 2831 1774.5
 2832 1702.15
 2833 1753.17
 2834 1689.9
 2835 1624.21
 2836 1632.2
 2837 1725.96
 2838 1763.88
 2839 1819.95
 2840 1798.61
 2841 1781.56
 2842 1951.79
 2843 1890.25
 2844 1882.22
 2845 1710.97
 2846 1679.44
 2847 1692.39
 2848 1788.35
 2849 1976.17
 2850 1904.54
 2851 1826.07
 2852 1817.53
 2853 1744.24
 2854 2047.91
 2855 2022.98
 2856 1819.28
 2857 1844.82
 2858 1687.74
 2859 1707.14
 2860 1836.44
 2861 1913.9
 2862 1831.03
 2863 1596.83
 2864 1763.18
 2865 1617.86
 2866 1684.2
 2867 1723.49
 2868 1683.61
 2869 1680.69
 2870 1682.2
 2871 1701.71
 2872 1601.68
 2873 1573.45
 2874 1611.09
 2875 1576.66
 2876 1775.57
 2877 1851.43
 2878 1794.43
 2879 1816.78
 2880 1749.4
 2881 1703.83
 2882 1739.99
 2883 1799.8
 2884 1696.75
 2885 1709.66
 2886 2257.1
 2887 2289.07
 2888 1945.13
 2889 1804.44
 2890 1590.08
 2891 1754.0
 2892 1709.57
 2893 1720.42
 2894 1665.05
 2895 1735.44
 2896 1749.3
 2897 1488.75
 2898 1845.96
 2899 2032.09
 2900 1524.86
 2901 1723.27
 2902 1622.09
 2903 1760.42
 2904 1890.34
 2905 1993.4
 2906 1828.23
 2907 1701.09
 2908 1568.63
 2909 1663.18
 2910 1587.19
 2911 1641.49
 2912 1369.61
 2913 1561.57
 2914 1838.65
 2915 1649.51
 2916 1490.5
 2917 1680.99
 2918 1666.81
 2919 1638.46
 2920 1756.1
 2921 1633.99
 2922 1528.62
 2923 1518.87
 2924 1663.02
 2925 1788.67
 2926 1769.72
 2927 1693.43
 2928 1647.12
 2929 1769.81
 2930 1901.35
 2931 1576.27
 2932 1812.35
 2933 1857.01
 2934 1613.14
 2935 1635.82
 2936 1611.32
 2937 1801.62
 2938 2008.47
 2939 1623.71
 2940 1652.04
 2941 1682.72
 2942 1579.94
 2943 1356.33
 2944 1633.07
 2945 1813.01
 2946 1829.31
 2947 1521.08
 2948 1646.8
 2949 1927.39
 2950 1779.8
 2951 1702.72
 2952 1568.95
 2953 1583.45
 2954 1569.41
 2955 1581.02
 2956 1732.08
 2957 1777.69
 2958 1604.01
 2959 1595.99
 2960 1669.41
 2961 1757.32
 2962 1652.98
 2963 1719.68
 2964 1793.83
 2965 1787.65
 2966 1724.37
 2967 1757.3
 2968 1845.83
 2969 1823.32
 2970 1793.25
 2971 1506.35
 2972 1681.03
 2973 1657.41
 2974 1657.64
 2975 1693.11
 2976 1680.55
 2977 1653.54
 2978 1735.82
 2979 1574.33
 2980 1598.63
 2981 1793.11
 2982 1595.58
 2983 1391.26
 2984 1511.31
 2985 1615.58
 2986 1672.78
 2987 1715.31
 2988 1758.45
 2989 1905.24
 2990 1970.09
 2991 1776.58
 2992 1609.07
 2993 1494.33
 2994 1774.13
 2995 1707.28
 2996 1744.25
 2997 1661.79
 2998 1625.0
 2999 1640.27
 3000 1616.5
 3001 1669.72
 3002 1714.32
 3003 1505.05
 3004 1429.62
 3005 1477.87
 3006 1597.52
 3007 1599.33
 3008 1611.46
 3009 1593.31
 3010 1722.61
 3011 1698.52
 3012 1696.95
 3013 2060.65
 3014 1877.14
 3015 1622.38
 3016 1696.36
 3017 1614.21
 3018 1591.64
 3019 1692.37
 3020 1669.95
 3021 1529.78
 3022 1466.9
 3023 1615.73
 3024 1522.53
 3025 1578.73
 3026 1691.01
 3027 1627.72
 3028 1557.55
 3029 1534.41
 3030 1466.64
 3031 1559.21
 3032 1514.15
 3033 1618.76
 3034 1594.27
 3035 1519.14
 3036 1555.77
 3037 1618.11
 3038 1570.24
 3039 1520.18
 3040 1539.86
 3041 1558.9
 3042 1642.01
 3043 1514.96
 3044 1491.55
 3045 1545.41
 3046 1503.55
 3047 1581.2
 3048 1608.64
 3049 1600.05
 3050 1615.89
 3051 1628.66
 3052 1544.28
 3053 1506.62
 3054 1505.21
 3055 1593.77
 3056 1537.26
 3057 1550.06
 3058 1447.71
 3059 1649.55
 3060 1753.12
 3061 1667.72
 3062 1524.21
 3063 1581.0
 3064 1622.76
 3065 1518.92
 3066 1584.7
 3067 1477.8
 3068 1519.28
 3069 1483.78
 3070 1529.4
 3071 1527.93
 3072 1476.27
 3073 1554.13
 3074 1529.23
 3075 1535.66
 3076 1443.09
 3077 1305.27
 3078 881.503
 3079 833.294
 3080 1018.49
 3081 1328.27
 3082 1334.07
