3.068557  1.413632
3.068857  1.448442
3.069157  1.482114
3.069457  1.522931
3.069757  1.493073
3.070057  1.516359
3.070357  1.534721
3.070657  1.536201
3.070957  1.566247
3.071257  1.556786
3.071557  1.537841
3.071857  1.544946
3.072157  1.583489
3.072457  1.564646
3.072757  1.614815
3.073057  1.533557
3.073357  1.564434
3.073657  1.619425
3.073957  1.669612
3.074257  1.697506
3.074557  1.714085
3.074857  1.769156
3.075157  1.824601
3.075457  1.826859
3.075757  1.9193
3.076057  1.944531
3.076357  1.949364
3.076657  2.02437
3.076957  2.053184
3.077257  2.076999
3.077557  2.143864
3.077857  2.198089
3.078157  2.244208
3.078457  2.31651
3.078757  2.373924
3.079057  2.436374
3.079357  2.549916
3.079657  2.658284
3.079957  2.719664
3.080257  2.767442
3.080557  2.896269
3.080857  3.063047
3.081157  3.231016
3.081457  3.394958
3.081757  3.521536
3.082057  3.756568
3.082357  4.006479
3.082657  4.256593
3.082957  4.504661
3.083257  4.962304
3.083557  5.546879
3.083857  6.081171
3.084157  6.560929
3.084457  6.948559
3.084757  7.104721
3.085057  6.904828
3.085357  6.554224
3.085657  6.013363
3.085957  5.401679
3.086257  4.945287
3.086557  4.468033
3.086857  4.106716
3.087157  3.828165
3.087457  3.530848
3.087757  3.276164
3.088057  3.106266
3.088357  2.980121
3.088657  2.832645
3.088957  2.800726
3.089257  2.690568
3.089557  2.63159
3.089857  2.597136
3.090157  2.539689
3.090457  2.473346
3.090757  2.47772
3.091057  2.471287
3.091357  2.487232
3.091657  2.488185
3.091957  2.486483
3.092257  2.518405
3.092557  2.541496
3.092857  2.514085
3.093157  2.499025
3.093457  2.46508
3.093757  2.502223
3.094057  2.467399
3.094357  2.394309
3.094657  2.297855
3.094957  2.217416
3.095257  2.122143
3.095557  2.072904
3.095857  1.995745
3.096157  1.934343
3.096457  1.850958
3.096757  1.821374
3.097057  1.795956
3.097357  1.732429
3.097657  1.710447
3.097957  1.681246
3.098257  1.651066
3.098557  1.633026
3.098857  1.627725
3.099157  1.576037
3.099457  1.562462
3.099757  1.559518
3.100057  1.573256
3.100357  1.548788
3.100657  1.543191
3.100957  1.531449
3.101257  1.546671
3.101557  1.507629
3.101857  1.523669
3.102157  1.514016
3.102457  1.471659
3.102757  1.399328
3.103057  1.395638
3.103357  1.377065
3.103657  1.358142
3.103957  1.355345
3.104257  1.32994
3.104557  1.304695
3.104857  1.304452
3.105157  1.296351
3.105457  1.261395
3.105757  1.250986
3.106057  1.24307
3.106357  1.26457
3.106657  1.226821
3.106957  1.213329
3.107257  1.225193
3.107557  1.231863
3.107857  1.223766
3.108157  1.243023
3.108457  1.238233
3.108757  1.222726
3.109057  1.219102
3.109357  1.234111
3.109657  1.200324
3.109957  1.233339
3.110257  1.197901
3.110557  1.220615
3.110857  1.224061
3.111157  1.205404
3.111457  1.247959
3.111757  1.235956
3.112057  1.239428
3.112357  1.282846
3.112657  1.296993
3.112957  1.284873
3.113257  1.308744
3.113557  1.312647
3.113857  1.32297
3.114157  1.351031
3.114457  1.34705
3.114757  1.357359
3.115057  1.395368
3.115357  1.398856
3.115657  1.408537
3.115957  1.38118
3.116257  1.404253
3.116557  1.396184
3.116857  1.365283
3.117157  1.353426
3.117457  1.315702
3.117757  1.301953
3.118057  1.284269
3.118357  1.28072
3.118657  1.247811
3.118957  1.225839
3.119257  1.202012
3.119557  1.211214
3.119857  1.206137
3.120157  1.210605
3.120457  1.19504
3.120757  1.178607
3.121057  1.21095
3.121357  1.215838
3.121657  1.194104
3.121957  1.182557
3.122257  1.200705
3.122557  1.195247
3.122857  1.213589
3.123157  1.200781
3.123457  1.182416
3.123757  1.221387
3.124057  1.266932
3.124357  1.269317
3.124657  1.276438
3.124957  1.283497
3.125257  1.307121
3.125557  1.309745
3.125857  1.321076
3.126157  1.287248
3.126457  1.298355
3.126757  1.269853
3.127057  1.239832
3.127357  1.25566
3.127657  1.250925
3.127957  1.202741
3.128257  1.221159
3.128557  1.224207
3.128857  1.218725
3.129157  1.213247
3.129457  1.214179
3.129757  1.190275
3.130057  1.198076
3.130357  1.208387
3.130657  1.21787
3.130957  1.19482
3.131257  1.201748
3.131557  1.170803
3.131857  1.186678
3.132157  1.202231
3.132457  1.207627
3.132757  1.200598
3.133057  1.207751
3.133357  1.20844
3.133657  1.209519
3.133957  1.214058
3.134257  1.212572
3.134557  1.246767
3.134857  1.227877
3.135157  1.256693
3.135457  1.23228
3.135757  1.214912
3.136057  1.204289
3.136357  1.240308
3.136657  1.251057
3.136957  1.232327
3.137257  1.255349
3.137557  1.260201
3.137857  1.300452
3.138157  1.249505
3.138457  1.286281
3.138757  1.292994
3.139057  1.260892
3.139357  1.258919
3.139657  1.304991
3.139957  1.317556
3.140257  1.314819
3.140557  1.306051
3.140857  1.347723
3.141157  1.354125
3.141457  1.375725
3.141757  1.422831
3.142057  1.413081
3.142357  1.473233
3.142657  1.463992
3.142957  1.482156
3.143257  1.515493
3.143557  1.53858
3.143857  1.556617
3.144157  1.58535
3.144457  1.608393
3.144757  1.633966
3.145057  1.58415
3.145357  1.635341
3.145657  1.625432
3.145957  1.627489
3.146257  1.629707
3.146557  1.638737
3.146857  1.641612
3.147157  1.595946
3.147457  1.609177
3.147757  1.535927
3.148057  1.528712
3.148357  1.466064
3.148657  1.454675
3.148957  1.433372
3.149257  1.377858
3.149557  1.427385
3.149857  1.366036
3.150157  1.325478
3.150457  1.318482
3.150757  1.330597
3.151057  1.314247
3.151357  1.2759
3.151657  1.278422
3.151957  1.266095
3.152257  1.276771
3.152557  1.23596
3.152857  1.242509
3.153157  1.262269
3.153457  1.238757
3.153757  1.227361
3.154057  1.228906
3.154357  1.21257
3.154657  1.209977
3.154957  1.188087
3.155257  1.17296
3.155557  1.200914
3.155857  1.172504
3.156157  1.186677
3.156457  1.176592
3.156757  1.171521
3.157057  1.151195
3.157357  1.190428
3.157657  1.163707
3.157957  1.177057
3.158257  1.117052
3.158557  1.15715
3.158857  1.154851
3.159157  1.137734
3.159457  1.134591
3.159757  1.127439
3.160057  1.151534
3.160357  1.127198
3.160657  1.154409
3.160957  1.135043
3.161257  1.146982
3.161557  1.141929
3.161857  1.151788
3.162157  1.170115
3.162457  1.140832
3.162757  1.169456
3.163057  1.16
3.163357  1.151475
3.163657  1.132703
3.163957  1.160465
3.164257  1.168693
3.164557  1.178292
3.164857  1.165957
3.165157  1.155574
3.165457  1.171122
3.165757  1.154386
3.166057  1.152876
3.166357  1.138802
3.166657  1.182118
3.166957  1.184029
3.167257  1.173496
3.167557  1.179101
3.167857  1.134268
3.168157  1.162747
3.168457  1.175671
3.168757  1.16073
3.169057  1.182114
3.169357  1.199972
3.169657  1.179525
3.169957  1.214617
3.170257  1.226004
3.170557  1.198471
3.170857  1.223634
3.171157  1.250541
3.171457  1.241237
3.171757  1.251617
3.172057  1.254494
3.172357  1.260438
3.172657  1.244979
3.172957  1.270623
3.173257  1.266666
3.173557  1.23766
3.173857  1.257297
3.174157  1.25624
3.174457  1.292233
3.174757  1.264494
3.175057  1.28869
3.175357  1.265421
3.175657  1.263445
3.175957  1.26317
3.176257  1.300322
3.176557  1.283606
3.176857  1.31746
3.177157  1.298724
3.177457  1.304904
3.177757  1.301575
3.178057  1.316934
3.178357  1.331969
3.178657  1.325734
3.178957  1.340934
3.179257  1.350655
3.179557  1.372079
3.179857  1.38739
3.180157  1.411313
3.180457  1.471545
3.180757  1.432203
3.181057  1.461755
3.181357  1.494759
3.181657  1.511115
3.181957  1.57532
3.182257  1.567038
3.182557  1.608215
3.182857  1.613529
3.183157  1.689716
3.183457  1.720942
3.183757  1.758512
3.184057  1.802943
3.184357  1.844971
3.184657  1.878658
3.184957  1.925238
3.185257  1.929264
3.185557  1.997387
3.185857  2.058893
3.186157  2.151214
3.186457  2.206624
3.186757  2.244347
3.187057  2.355415
3.187357  2.468043
3.187657  2.586883
3.187957  2.744326
3.188257  2.890227
3.188557  3.032727
3.188857  3.175636
3.189157  3.311516
3.189457  3.418212
3.189757  3.504377
3.190057  3.429666
3.190357  3.336625
3.190657  3.27206
3.190957  3.040388
3.191257  2.884121
3.191557  2.67498
3.191857  2.526955
3.192157  2.382798
3.192457  2.254139
3.192757  2.132516
3.193057  2.042719
3.193357  1.996954
3.193657  1.909828
3.193957  1.825253
3.194257  1.81575
3.194557  1.756124
3.194857  1.732124
3.195157  1.669506
3.195457  1.662978
3.195757  1.615537
3.196057  1.594187
3.196357  1.570997
3.196657  1.544271
3.196957  1.517566
3.197257  1.502837
3.197557  1.502574
3.197857  1.487123
3.198157  1.475068
3.198457  1.427036
3.198757  1.435264
3.199057  1.410172
3.199357  1.409915
3.199657  1.378639
3.199957  1.40088
3.200257  1.382467
3.200557  1.346549
3.200857  1.347672
3.201157  1.347176
3.201457  1.347759
3.201757  1.354556
3.202057  1.335687
3.202357  1.356286
3.202657  1.319336
3.202957  1.342126
3.203257  1.351644
3.203557  1.350295
3.203857  1.317439
3.204157  1.339156
3.204457  1.32732
3.204757  1.360734
3.205057  1.343841
3.205357  1.354099
3.205657  1.352108
3.205957  1.356431
3.206257  1.362463
3.206557  1.359815
3.206857  1.365186
3.207157  1.363005
3.207457  1.370325
3.207757  1.345158
3.208057  1.359458
3.208357  1.361579
3.208657  1.36314
3.208957  1.362198
3.209257  1.373018
3.209557  1.368713
3.209857  1.374543
3.210157  1.381852
3.210457  1.36675
3.210757  1.36516
3.211057  1.369994
3.211357  1.387042
3.211657  1.402725
3.211957  1.398599
3.212257  1.401505
3.212557  1.414103
3.212857  1.446902
3.213157  1.447058
3.213457  1.458934
3.213757  1.46464
3.214057  1.447511
3.214357  1.464719
3.214657  1.486705
3.214957  1.471475
3.215257  1.447754
3.215557  1.425352
3.215857  1.388682
3.216157  1.375321
3.216457  1.373407
3.216757  1.365325
3.217057  1.361323
3.217357  1.372587
3.217657  1.340786
3.217957  1.335908
3.218257  1.319359
3.218557  1.327807
3.218857  1.335717
3.219157  1.347831
3.219457  1.343092
3.219757  1.329296
3.220057  1.329711
3.220357  1.339528
3.220657  1.342486
3.220957  1.337588
3.221257  1.366361
3.221557  1.363187
3.221857  1.364565
3.222157  1.345875
3.222457  1.317889
3.222757  1.297968
3.223057  1.27945
3.223357  1.26402
3.223657  1.240164
3.223957  1.231077
3.224257  1.218633
3.224557  1.216452
3.224857  1.191279
3.225157  1.195007
3.225457  1.196834
3.225757  1.200819
3.226057  1.188576
3.226357  1.163362
3.226657  1.154765
3.226957  1.170234
3.227257  1.161376
3.227557  1.17498
3.227857  1.171073
3.228157  1.156512
3.228457  1.176641
3.228757  1.166722
3.229057  1.191553
3.229357  1.169424
3.229657  1.16849
3.229957  1.162509
3.230257  1.179987
3.230557  1.169727
3.230857  1.180403
3.231157  1.182633
3.231457  1.185541
3.231757  1.185546
3.232057  1.170584
3.232357  1.173104
3.232657  1.178625
3.232957  1.189957
3.233257  1.200529
3.233557  1.205735
3.233857  1.197149
3.234157  1.213168
3.234457  1.197003
3.234757  1.208558
3.235057  1.211157
3.235357  1.231126
3.235657  1.226235
3.235957  1.182695
3.236257  1.206444
3.236557  1.188057
3.236857  1.200156
3.237157  1.196725
3.237457  1.197847
3.237757  1.194542
3.238057  1.189748
3.238357  1.196605
3.238657  1.193067
3.238957  1.20343
3.239257  1.18966
3.239557  1.182064
3.239857  1.172416
3.240157  1.193784
3.240457  1.201915
3.240757  1.217457
3.241057  1.230099
3.241357  1.235123
3.241657  1.247489
3.241957  1.264798
3.242257  1.245799
3.242557  1.257004
3.242857  1.25182
3.243157  1.239829
3.243457  1.232219
3.243757  1.211819
3.244057  1.208168
3.244357  1.192704
3.244657  1.19369
3.244957  1.192479
3.245257  1.173732
3.245557  1.168637
3.245857  1.17851
3.246157  1.173275
3.246457  1.165693
3.246757  1.162505
3.247057  1.156169
3.247357  1.150585
3.247657  1.175461
3.247957  1.162151
3.248257  1.157475
3.248557  1.163387
3.248857  1.166494
3.249157  1.163475
3.249457  1.15331
3.249757  1.154097
3.250057  1.156673
3.250357  1.156116
3.250657  1.170447
3.250957  1.149506
3.251257  1.152512
3.251557  1.167873
3.251857  1.170076
3.252157  1.161168
3.252457  1.159536
3.252757  1.157987
3.253057  1.163847
3.253357  1.161784
3.253657  1.145291
3.253957  1.154041
3.254257  1.144526
3.254557  1.136243
3.254857  1.129709
3.255157  1.146398
3.255457  1.120229
3.255757  1.131442
3.256057  1.136125
3.256357  1.143393
3.256657  1.140338
3.256957  1.136925
3.257257  1.148739
3.257557  1.151651
3.257857  1.155324
3.258157  1.157581
3.258457  1.16558
3.258757  1.173073
3.259057  1.1773
3.259357  1.157373
3.259657  1.169738
3.259957  1.159718
3.260257  1.160797
3.260557  1.152589
3.260857  1.139153
3.261157  1.14546
3.261457  1.145145
3.261757  1.140893
3.262057  1.11987
3.262357  1.126447
3.262657  1.121722
3.262957  1.121582
3.263257  1.126382
3.263557  1.113559
3.263857  1.136119
3.264157  1.145016
3.264457  1.160477
3.264757  1.158188
3.265057  1.153945
3.265357  1.15585
3.265657  1.1649
3.265957  1.176897
3.266257  1.170857
3.266557  1.192053
3.266857  1.189614
3.267157  1.216379
3.267457  1.229751
3.267757  1.23582
3.268057  1.227549
3.268357  1.237599
3.268657  1.233892
3.268957  1.226478
3.269257  1.244597
3.269557  1.239837
3.269857  1.241311
3.270157  1.231761
3.270457  1.211393
3.270757  1.22475
3.271057  1.229287
3.271357  1.227393
3.271657  1.228547
3.271957  1.210191
3.272257  1.200918
3.272557  1.21264
3.272857  1.210976
3.273157  1.222397
3.273457  1.226841
3.273757  1.236393
3.274057  1.247228
3.274357  1.257338
3.274657  1.261705
3.274957  1.292647
3.275257  1.331678
3.275557  1.358927
3.275857  1.382384
3.276157  1.428422
3.276457  1.447285
3.276757  1.486352
3.277057  1.497703
3.277357  1.482618
3.277657  1.476812
3.277957  1.478382
3.278257  1.473335
3.278557  1.480902
3.278857  1.501314
3.279157  1.534816
3.279457  1.571445
3.279757  1.634739
3.280057  1.709407
3.280357  1.771463
3.280657  1.784609
3.280957  1.769033
3.281257  1.720538
3.281557  1.670098
3.281857  1.618504
3.282157  1.568068
3.282457  1.505386
3.282757  1.46308
3.283057  1.418852
3.283357  1.370779
3.283657  1.35093
3.283957  1.311778
3.284257  1.290717
3.284557  1.276573
3.284857  1.263682
3.285157  1.227434
3.285457  1.222364
3.285757  1.2043
3.286057  1.197419
3.286357  1.177528
3.286657  1.164485
3.286957  1.159325
3.287257  1.160659
3.287557  1.156466
3.287857  1.138863
3.288157  1.12177
3.288457  1.133435
3.288757  1.12229
3.289057  1.105274
3.289357  1.117364
3.289657  1.11261
3.289957  1.111095
3.290257  1.115904
3.290557  1.09416
3.290857  1.099744
3.291157  1.100055
3.291457  1.087012
3.291757  1.084312
3.292057  1.079333
3.292357  1.072464
3.292657  1.079408
3.292957  1.067985
3.293257  1.064744
3.293557  1.053246
3.293857  1.04763
3.294157  1.055248
3.294457  1.047592
3.294757  1.042837
3.295057  1.045543
3.295357  1.038729
3.295657  1.043983
3.295957  1.034682
3.296257  1.025016
3.296557  1.036932
3.296857  1.026182
3.297157  1.045111
3.297457  1.036021
3.297757  1.047651
3.298057  1.044883
3.298357  1.055104
3.298657  1.046272
3.298957  1.044736
3.299257  1.04389
3.299557  1.045
3.299857  1.043361
3.300157  1.032243
3.300457  1.033573
3.300757  1.044569
3.301057  1.02637
3.301357  1.032665
3.301657  1.047221
3.301957  1.028526
3.302257  1.024036
3.302557  1.044429
3.302857  1.023156
3.303157  1.040391
3.303457  1.02666
3.303757  1.014922
3.304057  1.030464
3.304357  1.016066
3.304657  1.011401
3.304957  1.014187
3.305257  1.008895
3.305557  1.006174
3.305857  1.005895
3.306157  1.021061
3.306457  0.993051
3.306757  1.005612
3.307057  1.003994
3.307357  1.007436
3.307657  1.011068
3.307957  1.013427
3.308257  0.988862
3.308557  1.012861
3.308857  1.012669
3.309157  1.011463
3.309457  0.997025
3.309757  1.006223
3.310057  1.003408
3.310357  1.014248
3.310657  1.00193
3.310957  1.007887
3.311257  1.015985
3.311557  1.01481
3.311857  1.018123
3.312157  1.021529
3.312457  1.040905
3.312757  1.039307
3.313057  1.041499
3.313357  1.039142
3.313657  1.059324
3.313957  1.04233
3.314257  1.055588
3.314557  1.056595
3.314857  1.041807
3.315157  1.050328
3.315457  1.06028
3.315757  1.052341
3.316057  1.040828
3.316357  1.036473
3.316657  1.055406
3.316957  1.044489
3.317257  1.065577
3.317557  1.03971
3.317857  1.068979
3.318157  1.05259
3.318457  1.039842
3.318757  1.045229
3.319057  1.052889
3.319357  1.04569
3.319657  1.036193
3.319957  1.060548
3.320257  1.028574
3.320557  1.020604
3.320857  1.033443
3.321157  1.026769
3.321457  1.013632
3.321757  1.012402
3.322057  1.023372
3.322357  1.004854
3.322657  1.00526
3.322957  1.01868
3.323257  1.002451
3.323557  1.016828
3.323857  1.02143
3.324157  1.0152
3.324457  1.012291
3.324757  0.99231
3.325057  1.00096
3.325357  0.990399
3.325657  0.987367
3.325957  0.986536
3.326257  0.973538
3.326557  0.975461
3.326857  0.981726
3.327157  0.975916
3.327457  0.954545
3.327757  0.953391
3.328057  0.956867
3.328357  0.963471
3.328657  0.967976
3.328957  0.952109
3.329257  0.97112
3.329557  0.955933
3.329857  0.965936
3.330157  0.97306
3.330457  0.975561
3.330757  0.965879
3.331057  0.961153
3.331357  0.962273
3.331657  0.964483
3.331957  0.968227
3.332257  0.964636
3.332557  0.962249
3.332857  0.95179
3.333157  0.957142
3.333457  0.942838
3.333757  0.938086
3.334057  0.960433
3.334357  0.939618
3.334657  0.944767
3.334957  0.947929
3.335257  0.960698
3.335557  0.936604
3.335857  0.957978
3.336157  0.956817
3.336457  0.947023
3.336757  0.947426
3.337057  0.934029
3.337357  0.956745
3.337657  0.958623
3.337957  0.950135
3.338257  0.951728
3.338557  0.934987
3.338857  0.935925
3.339157  0.937648
3.339457  0.950585
3.339757  0.938084
3.340057  0.932405
3.340357  0.934678
3.340657  0.915015
3.340957  0.931477
3.341257  0.92874
3.341557  0.928764
3.341857  0.918807
3.342157  0.920316
3.342457  0.923282
3.342757  0.902058
3.343057  0.9222
3.343357  0.912718
3.343657  0.915611
3.343957  0.927587
3.344257  0.917262
3.344557  0.920387
3.344857  0.935479
3.345157  0.917541
3.345457  0.931942
3.345757  0.936804
3.346057  0.917821
3.346357  0.938042
3.346657  0.936246
3.346957  0.922196
3.347257  0.92832
3.347557  0.935402
3.347857  0.929941
3.348157  0.91343
3.348457  0.927245
3.348757  0.912954
3.349057  0.90971
3.349357  0.913172
3.349657  0.892277
3.349957  0.909467
3.350257  0.909958
3.350557  0.929125
3.350857  0.915127
3.351157  0.911226
3.351457  0.929048
3.351757  0.925412
3.352057  0.93827
3.352357  0.930941
3.352657  0.918411
3.352957  0.933626
3.353257  0.929879
3.353557  0.941207
3.353857  0.933366
3.354157  0.935095
3.354457  0.938358
3.354757  0.948773
3.355057  0.935972
3.355357  0.945604
3.355657  0.954624
3.355957  0.969572
3.356257  0.951133
3.356557  0.957313
3.356857  0.969513
3.357157  0.976277
3.357457  0.954924
3.357757  0.960182
3.358057  0.983495
3.358357  0.975611
3.358657  0.97158
3.358957  0.983071
3.359257  0.984479
3.359557  0.977286
3.359857  0.980629
3.360157  0.988717
3.360457  0.973923
3.360757  0.991889
3.361057  0.993175
3.361357  0.995928
3.361657  0.999587
3.361957  1.020569
3.362257  1.005139
3.362557  0.994547
3.362857  1.012153
3.363157  1.005371
3.363457  1.010894
3.363757  1.01316
3.364057  1.005382
3.364357  0.993397
3.364657  1.009482
3.364957  1.01379
3.365257  1.010858
3.365557  1.020061
3.365857  1.03548
3.366157  1.035304
3.366457  1.032615
3.366757  1.051459
3.367057  1.019534
3.367357  1.036323
3.367657  1.013019
3.367957  1.013418
3.368257  1.001419
3.368557  1.003172
3.368857  0.987733
3.369157  1.009692
3.369457  1.022958
3.369757  1.001306
3.370057  1.005238
3.370357  0.994973
3.370657  0.986044
3.370957  0.992998
3.371257  1.004531
3.371557  0.992975
3.371857  0.999588
3.372157  0.992974
3.372457  0.996618
3.372757  0.982526
3.373057  0.989184
3.373357  1.002674
3.373657  0.986427
3.373957  0.990416
3.374257  0.979911
3.374557  0.974787
3.374857  0.981161
3.375157  0.993709
3.375457  0.977884
3.375757  0.982119
3.376057  0.989728
3.376357  0.981954
3.376657  0.987123
3.376957  0.980369
3.377257  0.998176
3.377557  0.978826
3.377857  0.961082
3.378157  0.960379
3.378457  0.977829
3.378757  0.988197
3.379057  0.984739
3.379357  0.978834
3.379657  0.973763
3.379957  0.989048
3.380257  0.979832
3.380557  0.987207
3.380857  1.000203
3.381157  1.001345
3.381457  1.004866
3.381757  1.008593
3.382057  1.001772
3.382357  1.007426
3.382657  1.005938
3.382957  1.021362
3.383257  1.026836
3.383557  1.041955
3.383857  1.048312
3.384157  1.044756
3.384457  1.051908
3.384757  1.040464
3.385057  1.01202
3.385357  1.014924
3.385657  1.033656
3.385957  1.018736
3.386257  1.000469
3.386557  1.003937
3.386857  1.011522
3.387157  1.024245
3.387457  1.021757
3.387757  1.009587
3.388057  1.005995
3.388357  1.020573
3.388657  1.011918
3.388957  1.020216
3.389257  1.034391
3.389557  1.028454
3.389857  1.005193
3.390157  1.010685
3.390457  1.004623
3.390757  1.001212
3.391057  1.024227
3.391357  1.000345
3.391657  1.012096
3.391957  1.031184
3.392257  1.070881
3.392557  1.054839
3.392857  1.022979
3.393157  1.009718
3.393457  1.018179
3.393757  1.019351
3.394057  1.000665
3.394357  1.008205
3.394657  1.02167
3.394957  1.017344
3.395257  1.03571
3.395557  1.033035
3.395857  1.034199
3.396157  1.017202
3.396457  1.015076
3.396757  1.026482
3.397057  1.026024
3.397357  0.998984
3.397657  1.037662
3.397957  1.019308
3.398257  1.034505
3.398557  1.03732
3.398857  1.027847
3.399157  1.024089
3.399457  1.012197
3.399757  1.001003
3.400057  1.008453
3.400357  1.006673
3.400657  1.020526
3.400957  1.00675
3.401257  1.008477
3.401557  1.009059
3.401857  1.005912
3.402157  1.026682
3.402457  1.024332
3.402757  1.011648
3.403057  1.010885
3.403357  1.00357
3.403657  1.015949
3.403957  1.004411
3.404257  1.030227
3.404557  1.03457
3.404857  1.030094
3.405157  1.031551
3.405457  1.017962
3.405757  1.011148
3.406057  1.000699
3.406357  1.003303
3.406657  1.006438
3.406957  1.009421
3.407257  1.009862
3.407557  1.021981
3.407857  1.006795
3.408157  1.00443
3.408457  1.014481
3.408757  1.012085
3.409057  0.992183
3.409357  0.977039
3.409657  0.958344
3.409957  0.974923
3.410257  0.974821
3.410557  0.957114
3.410857  0.976561
3.411157  0.964126
3.411457  0.973785
3.411757  0.964964
3.412057  0.955106
3.412357  0.961985
3.412657  0.983389
3.412957  0.969329
3.413257  0.976388
3.413557  0.981975
3.413857  0.996922
3.414157  0.975365
3.414457  0.976169
3.414757  0.9599
3.415057  0.959588
3.415357  0.954033
3.415657  0.970562
3.415957  0.988063
3.416257  0.975085
3.416557  0.971391
3.416857  0.965123
3.417157  0.976152
3.417457  0.976655
3.417757  0.969394
3.418057  0.97277
3.418357  0.959711
3.418657  0.973036
3.418957  0.987444
3.419257  0.990007
3.419557  0.976634
3.419857  0.982934
3.420157  0.967871
3.420457  0.972693
3.420757  0.960162
3.421057  0.966038
3.421357  0.942138
3.421657  0.937749
3.421957  0.931958
3.422257  0.956335
3.422557  0.931213
3.422857  0.937174
3.423157  0.909442
3.423457  0.926508
3.423757  0.924805
3.424057  0.927837
3.424357  0.908347
3.424657  0.905829
3.424957  0.900831
3.425257  0.932123
3.425557  0.944483
3.425857  0.937134
3.426157  0.953857
3.426457  0.94429
3.426757  0.930623
3.427057  0.949266
3.427357  0.961898
3.427657  0.95474
3.427957  0.930128
3.428257  0.938391
3.428557  0.939402
3.428857  0.930328
3.429157  0.933513
3.429457  0.945328
3.429757  0.962131
3.430057  0.946858
3.430357  0.95228
3.430657  0.941282
3.430957  0.948312
3.431257  0.946938
3.431557  0.956618
3.431857  0.955183
3.432157  0.948209
3.432457  0.954132
3.432757  0.969449
3.433057  0.983867
3.433357  0.972288
3.433657  0.973526
3.433957  0.971665
3.434257  0.987869
3.434557  0.984807
3.434857  0.993418
3.435157  0.991599
3.435457  0.980014
3.435757  0.99305
3.436057  1.003558
3.436357  1.020882
3.436657  1.018239
3.436957  1.031606
3.437257  1.024397
3.437557  1.047744
3.437857  1.049672
3.438157  1.053254
3.438457  1.033545
3.438757  1.049302
3.439057  1.061923
3.439357  1.063883
3.439657  1.072037
3.439957  1.054887
3.440257  1.048295
3.440557  1.042593
3.440857  1.035418
3.441157  1.051915
3.441457  1.054923
3.441757  1.030005
3.442057  1.059539
3.442357  1.066158
3.442657  1.086133
3.442957  1.096178
3.443257  1.11118
3.443557  1.140099
3.443857  1.156421
3.444157  1.181933
3.444457  1.223301
3.444757  1.259422
3.445057  1.304685
3.445357  1.365104
3.445657  1.427338
3.445957  1.491133
3.446257  1.539135
3.446557  1.579356
3.446857  1.587418
3.447157  1.575884
3.447457  1.569971
3.447757  1.544151
3.448057  1.470396
3.448357  1.396739
3.448657  1.341078
3.448957  1.260403
3.449257  1.217544
3.449557  1.191475
3.449857  1.144383
3.450157  1.133323
3.450457  1.122992
3.450757  1.074244
3.451057  1.08921
3.451357  1.073918
3.451657  1.079925
3.451957  1.064233
3.452257  1.053776
3.452557  1.042546
3.452857  1.045268
3.453157  1.059894
3.453457  1.047113
3.453757  1.055284
3.454057  1.055947
3.454357  1.031199
3.454657  1.035253
3.454957  1.024284
3.455257  1.015575
3.455557  1.014766
3.455857  1.000512
3.456157  0.992114
3.456457  0.970962
3.456757  0.957473
3.457057  0.959017
3.457357  0.946274
3.457657  0.9595
3.457957  0.966117
3.458257  0.965912
3.458557  0.965552
3.458857  0.974862
3.459157  0.958816
3.459457  0.954138
3.459757  0.94662
3.460057  0.939078
3.460357  0.936421
3.460657  0.950456
3.460957  0.934221
3.461257  0.92678
3.461557  0.927427
3.461857  0.913814
3.462157  0.923206
3.462457  0.924619
3.462757  0.911932
3.463057  0.90362
3.463357  0.910088
3.463657  0.920331
3.463957  0.914337
3.464257  0.907177
3.464557  0.913528
3.464857  0.914838
3.465157  0.929176
3.465457  0.931693
3.465757  0.929294
3.466057  0.949454
3.466357  0.954185
3.466657  0.957583
3.466957  0.950188
3.467257  0.944524
3.467557  0.933004
3.467857  0.935552
3.468157  0.940594
3.468457  0.940393
3.468757  0.947089
3.469057  0.938749
3.469357  0.94114
3.469657  0.934988
3.469957  0.938687
3.470257  0.961523
3.470557  0.949482
3.470857  0.941998
3.471157  0.939354
3.471457  0.949272
3.471757  0.94339
3.472057  0.95016
3.472357  0.94327
3.472657  0.94458
3.472957  0.952234
3.473257  0.942566
3.473557  0.92246
3.473857  0.931339
3.474157  0.941099
3.474457  0.936474
3.474757  0.933947
3.475057  0.916791
3.475357  0.906185
3.475657  0.89749
3.475957  0.881004
3.476257  0.880801
3.476557  0.876614
3.476857  0.878326
3.477157  0.880296
3.477457  0.884196
3.477757  0.878551
3.478057  0.862296
3.478357  0.846393
3.478657  0.847035
3.478957  0.837448
3.479257  0.834954
3.479557  0.841729
3.479857  0.833432
3.480157  0.844813
3.480457  0.840308
3.480757  0.844569
3.481057  0.843189
3.481357  0.836241
3.481657  0.830739
3.481957  0.833731
3.482257  0.853973
3.482557  0.840878
3.482857  0.835985
3.483157  0.836111
3.483457  0.843919
3.483757  0.846086
3.484057  0.841481
3.484357  0.8456
3.484657  0.849118
3.484957  0.856224
3.485257  0.847917
3.485557  0.853968
3.485857  0.853354
3.486157  0.842047
3.486457  0.844284
3.486757  0.849946
3.487057  0.857907
3.487357  0.864343
3.487657  0.856209
3.487957  0.85092
3.488257  0.865131
3.488557  0.863842
3.488857  0.853184
3.489157  0.854631
3.489457  0.854156
3.489757  0.842837
3.490057  0.849975
3.490357  0.845723
3.490657  0.846335
3.490957  0.862505
3.491257  0.851218
3.491557  0.855164
3.491857  0.866581
3.492157  0.865116
3.492457  0.871389
3.492757  0.887305
3.493057  0.888881
3.493357  0.895966
3.493657  0.902702
3.493957  0.893074
3.494257  0.910553
3.494557  0.909097
3.494857  0.914453
3.495157  0.916048
3.495457  0.923742
3.495757  0.924653
3.496057  0.907469
3.496357  0.899244
3.496657  0.90002
3.496957  0.896921
3.497257  0.889189
3.497557  0.872825
3.497857  0.871642
3.498157  0.891215
3.498457  0.88929
3.498757  0.882465
3.499057  0.890692
3.499357  0.890256
3.499657  0.895428
3.499957  0.885879
3.500257  0.885957
3.500557  0.896503
3.500857  0.89035
3.501157  0.898553
3.501457  0.898282
3.501757  0.901182
3.502057  0.914846
3.502357  0.922296
3.502657  0.910605
3.502957  0.924858
3.503257  0.92952
3.503557  0.920431
3.503857  0.914649
3.504157  0.921793
3.504457  0.920195
3.504757  0.916789
3.505057  0.924527
3.505357  0.917254
3.505657  0.90465
3.505957  0.903489
3.506257  0.902474
3.506557  0.906026
3.506857  0.898509
3.507157  0.90499
3.507457  0.887316
3.507757  0.890681
3.508057  0.880069
3.508357  0.879152
3.508657  0.887357
3.508957  0.887372
3.509257  0.881322
3.509557  0.884995
3.509857  0.885619
3.510157  0.879674
3.510457  0.880494
3.510757  0.877343
3.511057  0.885674
3.511357  0.876109
3.511657  0.880169
3.511957  0.877066
3.512257  0.889459
3.512557  0.869713
3.512857  0.880693
3.513157  0.884858
3.513457  0.874557
3.513757  0.880297
3.514057  0.880386
3.514357  0.859485
3.514657  0.865743
3.514957  0.879583
3.515257  0.88544
3.515557  0.883242
3.515857  0.871234
3.516157  0.875321
3.516457  0.865243
3.516757  0.8583
3.517057  0.864508
3.517357  0.866538
3.517657  0.861356
3.517957  0.860637
3.518257  0.856999
3.518557  0.857414
3.518857  0.848757
3.519157  0.848123
3.519457  0.847749
3.519757  0.84113
3.520057  0.841284
3.520357  0.848335
3.520657  0.835335
3.520957  0.838983
3.521257  0.846768
3.521557  0.845036
3.521857  0.83597
3.522157  0.837512
3.522457  0.834897
3.522757  0.835513
3.523057  0.841331
3.523357  0.841898
3.523657  0.840271
3.523957  0.837845
3.524257  0.839165
3.524557  0.843076
3.524857  0.834885
3.525157  0.836062
3.525457  0.832377
3.525757  0.83731
3.526057  0.829768
3.526357  0.824007
3.526657  0.825842
3.526957  0.831655
3.527257  0.829591
3.527557  0.814948
3.527857  0.821699
3.528157  0.819733
3.528457  0.834885
3.528757  0.828845
3.529057  0.825335
3.529357  0.825527
3.529657  0.834411
3.529957  0.824074
3.530257  0.830824
3.530557  0.831938
3.530857  0.818159
3.531157  0.826945
3.531457  0.835606
3.531757  0.825097
3.532057  0.819646
3.532357  0.835679
3.532657  0.834048
3.532957  0.834084
3.533257  0.842192
3.533557  0.843577
3.533857  0.860352
3.534157  0.860875
3.534457  0.866425
3.534757  0.861717
3.535057  0.847488
3.535357  0.833879
3.535657  0.842227
3.535957  0.829426
3.536257  0.831974
3.536557  0.8331
3.536857  0.827213
3.537157  0.824011
3.537457  0.815596
3.537757  0.835195
3.538057  0.826647
3.538357  0.812082
3.538657  0.818438
3.538957  0.812686
3.539257  0.819425
3.539557  0.816578
3.539857  0.819653
3.540157  0.81724
3.540457  0.819183
3.540757  0.812314
3.541057  0.811882
3.541357  0.810608
3.541657  0.806764
3.541957  0.810109
3.542257  0.81156
3.542557  0.814068
3.542857  0.817811
3.543157  0.809655
3.543457  0.814633
3.543757  0.805388
3.544057  0.810283
3.544357  0.805361
3.544657  0.799163
3.544957  0.800043
3.545257  0.79962
3.545557  0.802386
3.545857  0.787743
3.546157  0.795789
3.546457  0.789754
3.546757  0.783795
3.547057  0.770787
3.547357  0.766634
3.547657  0.762651
3.547957  0.761779
3.548257  0.763873
3.548557  0.751186
3.548857  0.751207
3.549157  0.75416
3.549457  0.746255
3.549757  0.753824
3.550057  0.750087
3.550357  0.746459
3.550657  0.747161
3.550957  0.755146
3.551257  0.753927
3.551557  0.754151
3.551857  0.763057
3.552157  0.765634
3.552457  0.758484
3.552757  0.760336
3.553057  0.760396
3.553357  0.754734
3.553657  0.767987
3.553957  0.764443
3.554257  0.76911
3.554557  0.77072
3.554857  0.758655
3.555157  0.757001
3.555457  0.767549
3.555757  0.766232
3.556057  0.757172
3.556357  0.757104
3.556657  0.754449
3.556957  0.746818
3.557257  0.75364
3.557557  0.75896
3.557857  0.757957
3.558157  0.757666
3.558457  0.753681
3.558757  0.761215
3.559057  0.760805
3.559357  0.745805
3.559657  0.743174
3.559957  0.754468
3.560257  0.750839
3.560557  0.7535
3.560857  0.756807
3.561157  0.744273
3.561457  0.731999
3.561757  0.729545
3.562057  0.736209
3.562357  0.740826
3.562657  0.736595
3.562957  0.739829
3.563257  0.735147
3.563557  0.731508
3.563857  0.737477
3.564157  0.729255
3.564457  0.728503
3.564757  0.728489
3.565057  0.730884
3.565357  0.733775
3.565657  0.747841
3.565957  0.726054
3.566257  0.728157
3.566557  0.725352
3.566857  0.728312
3.567157  0.721109
3.567457  0.722777
3.567757  0.728417
3.568057  0.732642
3.568357  0.723129
3.568657  0.718002
3.568957  0.72506
3.569257  0.726488
3.569557  0.723781
3.569857  0.726854
3.570157  0.73016
3.570457  0.731596
3.570757  0.732504
3.571057  0.750137
3.571357  0.752151
3.571657  0.758801
3.571957  0.75149
3.572257  0.725997
3.572557  0.713513
3.572857  0.71508
3.573157  0.726911
3.573457  0.725337
3.573757  0.722673
3.574057  0.711488
3.574357  0.710867
3.574657  0.708771
3.574957  0.717076
3.575257  0.719158
3.575557  0.71992
3.575857  0.713626
3.576157  0.705658
3.576457  0.698695
3.576757  0.696753
3.577057  0.68642
3.577357  0.694086
3.577657  0.679266
3.577957  0.674324
3.578257  0.676233
3.578557  0.684535
3.578857  0.677921
3.579157  0.668616
3.579457  0.667957
3.579757  0.671419
3.580057  0.667592
3.580357  0.659851
3.580657  0.660778
3.580957  0.661983
3.581257  0.656883
3.581557  0.656727
3.581857  0.665243
3.582157  0.65925
3.582457  0.661115
3.582757  0.670953
3.583057  0.662362
3.583357  0.662889
3.583657  0.663299
3.583957  0.67017
3.584257  0.67672
3.584557  0.679057
3.584857  0.673096
3.585157  0.659786
3.585457  0.668896
3.585757  0.68367
3.586057  0.682901
3.586357  0.688301
3.586657  0.693494
3.586957  0.688036
3.587257  0.71098
3.587557  0.711106
3.587857  0.703695
3.588157  0.678503
3.588457  0.671903
3.588757  0.67216
3.589057  0.685014
3.589357  0.685534
3.589657  0.688898
3.589957  0.685095
3.590257  0.672248
3.590557  0.674832
3.590857  0.663366
3.591157  0.652042
3.591457  0.647482
3.591757  0.643817
3.592057  0.627789
3.592357  0.627092
3.592657  0.645667
3.592957  0.633161
3.593257  0.627665
3.593557  0.618813
3.593857  0.622398
3.594157  0.614439
3.594457  0.620927
3.594757  0.630804
3.595057  0.620884
3.595357  0.621047
3.595657  0.632394
3.595957  0.638952
3.596257  0.630207
3.596557  0.617544
3.596857  0.619514
3.597157  0.63242
3.597457  0.635477
3.597757  0.635591
3.598057  0.647493
3.598357  0.658398
3.598657  0.653759
3.598957  0.649091
3.599257  0.646359
3.599557  0.63973
3.599857  0.625484
3.600157  0.605963
3.600457  0.608985
3.600757  0.609242
3.601057  0.598743
3.601357  0.584183
3.601657  0.587299
3.601957  0.585549
3.602257  0.58452
3.602557  0.581586
3.602857  0.582273
3.603157  0.574885
3.603457  0.576239
3.603757  0.582205
3.604057  0.581943
3.604357  0.577768
3.604657  0.577794
3.604957  0.581755
3.605257  0.577948
3.605557  0.580546
3.605857  0.572348
3.606157  0.570816
3.606457  0.562636
3.606757  0.564974
3.607057  0.568323
3.607357  0.568396
3.607657  0.569346
3.607957  0.569443
3.608257  0.575408
3.608557  0.583985
3.608857  0.578303
3.609157  0.589282
3.609457  0.586585
3.609757  0.587622
3.610057  0.594112
3.610357  0.594041
3.610657  0.596227
3.610957  0.595948
3.611257  0.606693
3.611557  0.612554
3.611857  0.629388
3.612157  0.638996
3.612457  0.650416
3.612757  0.654038
3.613057  0.661395
3.613357  0.65831
3.613657  0.652901
3.613957  0.650911
3.614257  0.635345
3.614557  0.628646
3.614857  0.624229
3.615157  0.620139
3.615457  0.608662
3.615757  0.604807
3.616057  0.596083
3.616357  0.588523
3.616657  0.581858
3.616957  0.576783
3.617257  0.566177
3.617557  0.563565
3.617857  0.558256
3.618157  0.557986
3.618457  0.553468
3.618757  0.550952
3.619057  0.556476
3.619357  0.555213
3.619657  0.554503
3.619957  0.559264
3.620257  0.566045
3.620557  0.571731
3.620857  0.570084
3.621157  0.572702
3.621457  0.567504
3.621757  0.561261
3.622057  0.552223
3.622357  0.54715
3.622657  0.543335
3.622957  0.535884
3.623257  0.535729
3.623557  0.528479
3.623857  0.528917
3.624157  0.531462
3.624457  0.527924
3.624757  0.528737
3.625057  0.534411
3.625357  0.539891
3.625657  0.542395
3.625957  0.549023
3.626257  0.548416
3.626557  0.55639
3.626857  0.56627
3.627157  0.569857
3.627457  0.571497
3.627757  0.566402
3.628057  0.562292
3.628357  0.560251
3.628657  0.558605
3.628957  0.554657
3.629257  0.552617
3.629557  0.554413
3.629857  0.550407
3.630157  0.548342
3.630457  0.548524
3.630757  0.553947
3.631057  0.563326
3.631357  0.566536
3.631657  0.571406
3.631957  0.578526
3.632257  0.579839
3.632557  0.588797
3.632857  0.590104
3.633157  0.596579
3.633457  0.599547
3.633757  0.601808
3.634057  0.608254
3.634357  0.617153
3.634657  0.620994
3.634957  0.627882
3.635257  0.636866
3.635557  0.651383
3.635857  0.66457
3.636157  0.674001
3.636457  0.689335
3.636757  0.708468
3.637057  0.730271
3.637357  0.753875
3.637657  0.766121
3.637957  0.765435
3.638257  0.763636
3.638557  0.743548
3.638857  0.73493
3.639157  0.723312
3.639457  0.708674
3.639757  0.697097
3.640057  0.687161
3.640357  0.667497
3.640657  0.645513
3.640957  0.626686
3.641257  0.622677
3.641557  0.60914
3.641857  0.60896
3.642157  0.597802
3.642457  0.597696
3.642757  0.59736
3.643057  0.591833
3.643357  0.586656
3.643657  0.580778
3.643957  0.572782
3.644257  0.570626
3.644557  0.570703
3.644857  0.567723
3.645157  0.571332
3.645457  0.564556
3.645757  0.557232
3.646057  0.5535
3.646357  0.545317
3.646657  0.540554
3.646957  0.540721
3.647257  0.539722
3.647557  0.540125
3.647857  0.542228
3.648157  0.543423
3.648457  0.542192
3.648757  0.548473
3.649057  0.549238
3.649357  0.547154
3.649657  0.548042
3.649957  0.554492
3.650257  0.553776
3.650557  0.558099
3.650857  0.564779
3.651157  0.56211
3.651457  0.558161
3.651757  0.56499
3.652057  0.567422
3.652357  0.573534
3.652657  0.575011
3.652957  0.574916
3.653257  0.580243
3.653557  0.587487
3.653857  0.592475
3.654157  0.594827
3.654457  0.599751
3.654757  0.601855
3.655057  0.605395
3.655357  0.605387
3.655657  0.603995
3.655957  0.599344
3.656257  0.594832
3.656557  0.595121
3.656857  0.596526
3.657157  0.595131
3.657457  0.601999
3.657757  0.60247
3.658057  0.604195
3.658357  0.606255
3.658657  0.605316
3.658957  0.605935
3.659257  0.602055
3.659557  0.594782
3.659857  0.597601
3.660157  0.597614
3.660457  0.598287
3.660757  0.596715
3.661057  0.599986
3.661357  0.59654
3.661657  0.598175
3.661957  0.594927
3.662257  0.592498
3.662557  0.582284
3.662857  0.568004
3.663157  0.562676
3.663457  0.562703
3.663757  0.561746
3.664057  0.562062
3.664357  0.565242
3.664657  0.56905
3.664957  0.5761
3.665257  0.581044
3.665557  0.579847
3.665857  0.57821
3.666157  0.577005
3.666457  0.58004
3.666757  0.567183
3.667057  0.561051
3.667357  0.562878
3.667657  0.560759
3.667957  0.554813
3.668257  0.553372
3.668557  0.55501
3.668857  0.552529
3.669157  0.551153
3.669457  0.549041
3.669757  0.544288
3.670057  0.543601
3.670357  0.54318
3.670657  0.543682
3.670957  0.541022
3.671257  0.532878
3.671557  0.526824
3.671857  0.522072
3.672157  0.517627
3.672457  0.514977
3.672757  0.515769
3.673057  0.51375
3.673357  0.514744
3.673657  0.520153
3.673957  0.518546
3.674257  0.514563
3.674557  0.515642
3.674857  0.511056
3.675157  0.511477
3.675457  0.513168
3.675757  0.512873
3.676057  0.509747
3.676357  0.509545
3.676657  0.509816
3.676957  0.505182
3.677257  0.506462
3.677557  0.507359
3.677857  0.510079
3.678157  0.510375
3.678457  0.512238
3.678757  0.516904
3.679057  0.51959
3.679357  0.524513
3.679657  0.526795
3.679957  0.529794
3.680257  0.531118
3.680557  0.541716
3.680857  0.545064
3.681157  0.551865
3.681457  0.55828
3.681757  0.563866
3.682057  0.573357
3.682357  0.587987
3.682657  0.600795
3.682957  0.612032
3.683257  0.625897
3.683557  0.644681
3.683857  0.660819
3.684157  0.682612
3.684457  0.707624
3.684757  0.742417
3.685057  0.778431
3.685357  0.822931
3.685657  0.871703
3.685957  0.932381
3.686257  0.994653
3.686557  1.05375
3.686857  1.084314
3.687157  1.07038
3.687457  1.021197
3.687757  0.963874
3.688057  0.913483
3.688357  0.867606
3.688657  0.826292
3.688957  0.788039
3.689257  0.750957
3.689557  0.727844
3.689857  0.706595
3.690157  0.682253
3.690457  0.66506
3.690757  0.649697
3.691057  0.642216
3.691357  0.635351
3.691657  0.632809
3.691957  0.630263
3.692257  0.627053
3.692557  0.622984
3.692857  0.621859
3.693157  0.61111
3.693457  0.600785
3.693757  0.5868
3.694057  0.585274
3.694357  0.586638
3.694657  0.601833
3.694957  0.63434
3.695257  0.680987
3.695557  0.685587
3.695857  0.61636
3.696157  0.560111
3.696457  0.538825
3.696757  0.535119
3.697057  0.533832
3.697357  0.533253
3.697657  0.544114
3.697957  0.553988
3.698257  0.580465
3.698557  0.623905
3.698857  0.694709
3.699157  0.832306
3.699457  0.984007
3.699757  1.0027
3.700057  0.805579
3.700357  0.653115
3.700657  0.606312
3.700957  0.585384
3.701257  0.570347
3.701557  0.555401
3.701857  0.541126
3.702157  0.531936
3.702457  0.525287
3.702757  0.517861
3.703057  0.509624
3.703357  0.504734
3.703657  0.502348
3.703957  0.496579
3.704257  0.493198
3.704557  0.489205
3.704857  0.486072
3.705157  0.479492
3.705457  0.478613
3.705757  0.475146
3.706057  0.470171
3.706357  0.472098
3.706657  0.471874
3.706957  0.470167
3.707257  0.468257
3.707557  0.467835
3.707857  0.465566
3.708157  0.468248
3.708457  0.465788
3.708757  0.470106
3.709057  0.468033
3.709357  0.469404
3.709657  0.472738
3.709957  0.474323
3.710257  0.477208
3.710557  0.480311
3.710857  0.484244
3.711157  0.483371
3.711457  0.487231
3.711757  0.49682
3.712057  0.505694
3.712357  0.513215
3.712657  0.518229
3.712957  0.524389
3.713257  0.531498
3.713557  0.535082
3.713857  0.538214
3.714157  0.54053
3.714457  0.530255
3.714757  0.522558
3.715057  0.524826
3.715357  0.522544
3.715657  0.519927
3.715957  0.518882
3.716257  0.517465
3.716557  0.511711
3.716857  0.501546
3.717157  0.497186
3.717457  0.498633
3.717757  0.499211
3.718057  0.502038
3.718357  0.507047
3.718657  0.51082
3.718957  0.512464
3.719257  0.512446
3.719557  0.511688
3.719857  0.503562
3.720157  0.501002
3.720457  0.500148
3.720757  0.503424
3.721057  0.50419
3.721357  0.507655
3.721657  0.509029
3.721957  0.516391
3.722257  0.519276
3.722557  0.521387
3.722857  0.518539
3.723157  0.516933
3.723457  0.511446
3.723757  0.504972
3.724057  0.506027
3.724357  0.501698
3.724657  0.505958
3.724957  0.508634
3.725257  0.513288
3.725557  0.517941
3.725857  0.517033
3.726157  0.516493
3.726457  0.510247
3.726757  0.502217
3.727057  0.495346
3.727357  0.490608
3.727657  0.480473
3.727957  0.479149
3.728257  0.47834
3.728557  0.473846
3.728857  0.474686
3.729157  0.475325
3.729457  0.474281
3.729757  0.470674
3.730057  0.469839
3.730357  0.460543
3.730657  0.45901
3.730957  0.455203
3.731257  0.454138
3.731557  0.448527
3.731857  0.449067
3.732157  0.449417
3.732457  0.44258
3.732757  0.446019
3.733057  0.449092
3.733357  0.450792
3.733657  0.452636
3.733957  0.448859
3.734257  0.452335
3.734557  0.451
3.734857  0.451999
3.735157  0.451899
3.735457  0.447494
3.735757  0.446167
3.736057  0.441544
3.736357  0.44131
3.736657  0.438621
3.736957  0.43662
3.737257  0.433326
3.737557  0.437825
3.737857  0.438651
3.738157  0.431469
3.738457  0.429027
3.738757  0.427716
3.739057  0.43194
3.739357  0.432628
3.739657  0.432159
3.739957  0.433819
3.740257  0.435229
3.740557  0.434811
3.740857  0.431341
3.741157  0.435594
3.741457  0.434996
3.741757  0.436738
3.742057  0.43891
3.742357  0.440821
3.742657  0.444064
3.742957  0.448066
3.743257  0.449906
3.743557  0.445361
3.743857  0.444248
3.744157  0.437206
3.744457  0.433236
3.744757  0.43196
3.745057  0.432831
3.745357  0.426735
3.745657  0.428522
3.745957  0.428649
3.746257  0.426467
3.746557  0.425823
3.746857  0.425578
3.747157  0.422856
3.747457  0.424091
3.747757  0.42213
3.748057  0.419547
3.748357  0.417669
3.748657  0.41721
3.748957  0.421665
3.749257  0.423462
3.749557  0.422268
3.749857  0.421785
3.750157  0.419295
3.750457  0.422251
3.750757  0.422802
3.751057  0.417278
3.751357  0.417105
3.751657  0.417351
3.751957  0.417616
3.752257  0.419066
3.752557  0.420044
3.752857  0.417739
3.753157  0.423461
3.753457  0.42332
3.753757  0.424107
3.754057  0.423507
3.754357  0.42346
3.754657  0.42257
3.754957  0.41954
3.755257  0.420632
3.755557  0.425378
3.755857  0.422262
3.756157  0.421936
3.756457  0.420446
3.756757  0.423095
3.757057  0.424853
3.757357  0.430357
3.757657  0.428741
3.757957  0.428434
3.758257  0.422059
3.758557  0.426607
3.758857  0.425784
3.759157  0.423641
3.759457  0.426603
3.759757  0.428716
3.760057  0.426182
3.760357  0.426673
3.760657  0.427698
3.760957  0.429234
3.761257  0.429896
3.761557  0.423656
3.761857  0.423113
3.762157  0.425592
3.762457  0.426945
3.762757  0.424838
3.763057  0.430779
3.763357  0.432842
3.763657  0.433964
3.763957  0.43238
3.764257  0.433101
3.764557  0.436349
3.764857  0.439478
3.765157  0.443623
3.765457  0.442285
3.765757  0.442918
3.766057  0.446895
3.766357  0.447659
3.766657  0.45189
3.766957  0.45638
3.767257  0.461895
3.767557  0.462993
3.767857  0.469504
3.768157  0.479486
3.768457  0.485175
3.768757  0.494368
3.769057  0.506828
3.769357  0.507417
3.769657  0.499469
3.769957  0.492601
3.770257  0.490046
3.770557  0.487222
3.770857  0.4832
3.771157  0.474804
3.771457  0.468847
3.771757  0.466553
3.772057  0.463199
3.772357  0.455867
3.772657  0.452344
3.772957  0.446528
3.773257  0.444973
3.773557  0.441397
3.773857  0.444828
3.774157  0.445114
3.774457  0.43927
3.774757  0.440105
3.775057  0.44013
3.775357  0.439488
3.775657  0.440453
3.775957  0.440234
3.776257  0.439764
3.776557  0.437501
3.776857  0.437128
3.777157  0.437416
3.777457  0.437738
3.777757  0.434338
3.778057  0.432468
3.778357  0.430878
3.778657  0.432976
3.778957  0.430798
3.779257  0.427775
3.779557  0.42757
3.779857  0.430557
3.780157  0.428785
3.780457  0.427212
3.780757  0.428089
3.781057  0.42878
3.781357  0.432173
3.781657  0.431661
3.781957  0.43121
3.782257  0.42843
3.782557  0.428668
3.782857  0.429704
3.783157  0.436303
3.783457  0.437251
3.783757  0.439164
3.784057  0.436255
3.784357  0.440688
3.784657  0.440129
3.784957  0.43329
3.785257  0.431115
3.785557  0.422787
3.785857  0.427404
3.786157  0.428678
3.786457  0.423892
3.786757  0.422125
3.787057  0.423892
3.787357  0.427704
3.787657  0.427823
3.787957  0.427056
3.788257  0.428159
3.788557  0.432714
3.788857  0.437502
3.789157  0.437539
3.789457  0.437742
3.789757  0.429293
3.790057  0.428931
3.790357  0.429283
3.790657  0.430037
3.790957  0.425166
3.791257  0.425574
3.791557  0.428647
3.791857  0.425039
3.792157  0.423068
3.792457  0.427034
3.792757  0.427443
3.793057  0.423803
3.793357  0.423221
3.793657  0.425623
3.793957  0.432048
3.794257  0.43635
3.794557  0.433547
3.794857  0.436202
3.795157  0.445046
3.795457  0.443854
3.795757  0.452451
3.796057  0.449078
3.796357  0.449803
3.796657  0.444763
3.796957  0.441773
3.797257  0.443082
3.797557  0.44104
3.797857  0.438856
3.798157  0.440636
3.798457  0.444653
3.798757  0.445626
3.799057  0.45002
3.799357  0.4622
3.799657  0.465566
3.799957  0.460024
3.800257  0.460786
3.800557  0.458217
3.800857  0.463189
3.801157  0.457267
3.801457  0.459628
3.801757  0.456844
3.802057  0.461762
3.802357  0.465565
3.802657  0.470547
3.802957  0.471422
3.803257  0.473283
3.803557  0.482342
3.803857  0.485115
3.804157  0.493521
3.804457  0.489546
3.804757  0.483665
3.805057  0.481798
3.805357  0.489785
3.805657  0.487232
3.805957  0.486499
3.806257  0.493549
3.806557  0.492459
3.806857  0.496097
3.807157  0.497556
3.807457  0.504665
3.807757  0.518559
3.808057  0.520791
3.808357  0.530554
3.808657  0.540133
3.808957  0.552082
3.809257  0.557333
3.809557  0.563286
3.809857  0.575701
3.810157  0.591792
3.810457  0.603931
3.810757  0.60977
3.811057  0.622817
3.811357  0.63238
3.811657  0.646083
3.811957  0.666367
3.812257  0.693666
3.812557  0.721682
3.812857  0.755013
3.813157  0.786756
3.813457  0.824899
3.813757  0.870634
3.814057  0.930413
3.814357  1.000299
3.814657  1.094454
3.814957  1.202407
3.815257  1.336444
3.815557  1.493171
3.815857  1.69462
3.816157  1.923564
3.816457  2.179228
3.816757  2.433433
3.817057  2.653643
3.817357  2.661308
3.817657  2.48806
3.817957  2.258679
3.818257  2.073007
3.818557  1.900928
3.818857  1.689749
3.819157  1.489884
3.819457  1.339536
3.819757  1.210716
3.820057  1.108697
